자치구,위도,경도,geometry
송파구,37.47999,127.14168,POINT (968319.5648527526 1942366.6418041205)
송파구,37.525181,127.106468,POINT (965227.2904169197 1947392.713184049)
송파구,37.4809150695801,127.126655578613,POINT (966991.6006691256 1942474.4327006224)
송파구,37.4811973571777,127.134666442871,POINT (967699.9871006433 1942502.9723028524)
송파구,37.4814796447754,127.131393432617,POINT (967410.7340029259 1942535.4179191543)
송파구,37.4818077884437,127.130951010051,POINT (967371.7610617687 1942571.976351321)
송파구,37.482105255127,127.127021789551,POINT (967024.5015506115 1942606.3470309344)
송파구,37.4826927185059,127.131034851074,POINT (967379.5583375656 1942670.1240176705)
송파구,37.4827995300292,127.129547119141,POINT (967248.0731632649 1942682.4904767137)
송파구,37.5352516174316,127.118934631348,POINT (966333.3800662716 1948505.4506500887)
송파구,37.483254581181,127.124629940165,POINT (966813.5425317298 1942734.6970130957)
송파구,37.4834365844727,127.127418518066,POINT (967060.1614508403 1942753.9097421407)
송파구,37.4844818115234,127.126319885254,POINT (966963.4914678698 1942870.2552537783)
송파구,37.5337715148926,127.11865234375,POINT (966307.7743676191 1948341.3433511136)
송파구,37.4845352172852,127.127388000488,POINT (967057.9457606103 1942875.8059902135)
송파구,37.484977722168,127.124855041504,POINT (966834.2055266881 1942925.7880663006)
송파구,37.485034942627,127.128067016602,POINT (967118.1957690063 1942931.009639063)
송파구,37.5316943779939,127.119799839424,POINT (966408.224868831 1948110.4872137608)
송파구,37.485408782959,127.123603820801,POINT (966723.7784519503 1942974.0527407327)
송파구,37.485481262207,127.126235961914,POINT (966956.512092271 1942981.1667399267)
송파구,37.487621307373,127.129318237305,POINT (967229.9436964301 1943217.5124268709)
송파구,37.4882850646973,127.128128051758,POINT (967125.0160456356 1943291.5666262258)
송파구,37.4890588018368,127.127954793819,POINT (967110.0385275653 1943377.4678943793)
송파구,37.4897193908691,127.128395080566,POINT (967149.2506915006 1943450.6019258592)
송파구,37.4897321435462,127.11199621017,POINT (965699.552111675 1943457.86557407)
송파구,37.4909174451198,127.123920613149,POINT (966754.2267605459 1943585.0885728316)
송파구,37.4913101196289,127.121467590332,POINT (966537.5515796974 1943629.5222536696)
송파구,37.4914016723633,127.123344421387,POINT (966703.5056222464 1943639.0138931433)
송파구,37.4926300048828,127.122428894043,POINT (966623.118952193 1943775.6131616523)
송파구,37.4932174682617,127.133308410645,POINT (967585.1139340095 1943836.9861706449)
송파구,37.4933662414551,127.131500244141,POINT (967425.339260976 1943854.115723198)
송파구,37.4943161010742,127.135398864746,POINT (967770.379129429 1943958.1541027525)
송파구,37.4944286466885,127.127020493917,POINT (967029.8036420338 1943973.5419661033)
송파구,37.4960746765137,127.130699157715,POINT (967355.7034264442 1944154.875550237)
송파구,37.4963874816895,127.130340576172,POINT (967324.1428376125 1944189.7035722444)
송파구,37.4976272583008,127.119659423828,POINT (966380.5400195882 1944331.0099763225)
송파구,37.4980049133301,127.130340576172,POINT (967324.8475813901 1944369.1466031172)
송파구,37.4991619635404,127.118594096614,POINT (966287.0621117475 1944501.6562281246)
송파구,37.4992332458496,127.119903564453,POINT (966402.8399701599 1944509.096279085)
송파구,37.4993968616092,127.107561019826,POINT (965311.9395857973 1944531.7257662343)
송파구,37.4995803833008,127.120666503906,POINT (966470.432542016 1944547.3367713154)
송파구,37.5001564025879,127.121696472168,POINT (966561.7294094353 1944610.8758063584)
송파구,37.5006370544434,127.122528076172,POINT (966635.4490841377 1944663.905766885)
송파구,37.5036430358887,127.085899353027,POINT (963399.3082263521 1945011.014849924)
송파구,37.5041415529709,127.075454220373,POINT (962476.3500761129 1945070.435633689)
송파구,37.5055656433105,127.075088500977,POINT (962444.7390409856 1945228.5751304473)
송파구,37.5056228637695,127.08683013916,POINT (963482.541396892 1945230.3022569634)
송파구,37.5065078735352,127.083366394043,POINT (963176.836278397 1945329.8381060313)
송파구,37.5066007533665,127.087243628346,POINT (963519.5631025136 1945338.6323853345)
송파구,37.5068417567881,127.085271607916,POINT (963345.3880669838 1945366.1364694578)
송파구,37.5069732666016,127.083480834961,POINT (963187.1794480435 1945381.4256822628)
송파구,37.5071455015696,127.094240182222,POINT (964138.199291799 1945396.3793101215)
송파구,37.5072326660156,127.084541320801,POINT (963281.0348553535 1945409.7900338266)
송파구,37.5078341201271,127.080419923404,POINT (962917.0743749656 1945478.1336735236)
송파구,37.5083885192871,127.083572387695,POINT (963195.9659423415 1945538.4030303843)
송파구,37.5085258483887,127.071327209473,POINT (962113.7965453633 1945558.4985979998)
송파구,37.5118753801218,127.078414671822,POINT (962741.8561001495 1945927.2777738397)
송파구,37.5119046,127.0884603,POINT (963629.6695835673 1945926.589062752)
송파구,37.512968759194,127.094666605441,POINT (964178.6705160424 1946042.2697965037)
송파구,37.5142288208008,127.088554382324,POINT (963639.111858094 1946184.410203392)
송파구,37.5153199888118,127.081154566702,POINT (962985.7001818856 1946308.3538924598)
송파구,37.5175087792199,127.100408768604,POINT (964688.2754510016 1946543.7854525123)
송파구,37.5183906555176,127.100425720215,POINT (964690.1890083554 1946641.6176950692)
송파구,37.5132217407227,127.120231628418,POINT (966438.1010493914 1946060.9103466577)
송파구,37.5199966430664,127.11238861084,POINT (965748.0710272286 1946815.3690544842)
송파구,37.5202255249023,127.113922119141,POINT (965883.6868023297 1946840.2048080221)
송파구,37.5202293395996,127.111930847168,POINT (965707.7263087125 1946841.352033353)
송파구,37.5217395988462,127.105333068174,POINT (965125.4049000237 1947011.3313277778)
송파구,37.5220375061035,127.107299804687,POINT (965299.333516639 1947043.6549608682)
송파구,37.5220909118652,127.104484558105,POINT (965050.5901898369 1947050.6222151641)
송파구,37.5230375221856,127.105177904888,POINT (965112.2982720736 1947155.3853455116)
송파구,37.4773788452148,127.14705657959,POINT (968793.8444926854 1942075.1576035065)
송파구,37.4775276184082,127.145462036133,POINT (968652.9216100294 1942092.1925345212)
송파구,37.4775619506836,127.140983581543,POINT (968256.9645852544 1942097.5017219607)
송파구,37.477570431355,127.121802806919,POINT (966561.0618902544 1942105.0811543514)
송파구,37.477710723877,127.146614074707,POINT (968754.857639193 1942112.1238790418)
송파구,37.4782752990723,127.141502380371,POINT (968303.1365059412 1942176.4678259273)
송파구,37.4786290958527,127.132867911832,POINT (967539.8631582297 1942218.6605366638)
송파구,37.478738177381,127.125595059592,POINT (966896.8766331956 1942233.2943123789)
송파구,37.4788313225793,127.121456166554,POINT (966530.9753375408 1942245.0911930716)
송파구,37.4789036929929,127.120898267079,POINT (966481.6806862797 1942253.3186212052)
송파구,37.4796142578125,127.136154174805,POINT (967830.8428261324 1942326.8294152792)
송파구,37.4798355102539,127.136825561523,POINT (967890.2978649236 1942351.1466288068)
송파구,37.4799003601074,127.138954162598,POINT (968078.5242265422 1942357.61750582)
송파구,37.481029510498,127.118843078613,POINT (966300.9249723584 1942489.8965544219)
송파구,37.4813766479492,127.1201171875,POINT (966413.7280674218 1942527.9537564958)
송파구,37.4815940856934,127.119216918945,POINT (966334.2306022258 1942552.3984498195)
송파구,37.4819602966309,127.121025085449,POINT (966494.2582440277 1942592.3819874423)
송파구,37.4823188781738,127.120231628418,POINT (966424.2677042634 1942632.446731154)
송파구,37.4824846990414,127.128891892925,POINT (967190.0064003738 1942647.7903317616)
송파구,37.4825706481934,127.12084197998,POINT (966478.3422338843 1942660.1613618967)
송파구,37.4827388247651,127.11904655816,POINT (966319.6824630734 1942679.4601046229)
송파구,37.4832064337416,127.11521321535,POINT (965980.9850597532 1942732.7161835749)
송파구,37.484112288857,127.118306000251,POINT (966254.8267811675 1942832.1014638545)
송파구,37.4843139648438,127.113609313965,POINT (965839.6877707494 1942856.1697285152)
송파구,37.4847564697266,127.125198364258,POINT (966864.4603818632 1942901.1207747585)
송파구,37.4847942166802,127.117595016956,POINT (966192.2765198223 1942908.0116451615)
송파구,37.4852628365085,127.132714706968,POINT (967529.1883082632 1942954.6797837247)
송파구,37.4855842590332,127.12922668457,POINT (967220.959926597 1942991.548048837)
송파구,37.485595703125,127.113349914551,POINT (965817.3384878391 1942998.4637936607)
송파구,37.4860229492188,127.125068664551,POINT (966853.5533672331 1943041.6734504912)
송파구,37.486201483142,127.131141849338,POINT (967390.5432273507 1943059.3596574117)
송파구,37.4866523742676,127.129570007324,POINT (967251.7784981411 1943109.9284665636)
송파구,37.4868431091309,127.116622924805,POINT (966107.26092673 1943135.6714809388)
송파구,37.4876882151222,127.134220354736,POINT (967663.3449221478 1943223.2402963317)
송파구,37.4879417419434,127.131164550781,POINT (967393.3065856185 1943252.4213278466)
송파구,37.4881926715774,127.123967989699,POINT (966757.2074196038 1943282.7770978129)
송파구,37.4882257947527,127.143613868041,POINT (968494.0046561668 1943279.695898781)
송파구,37.4890975952148,127.126472473145,POINT (966979.0133288691 1943382.2906625597)
송파구,37.4892756653254,127.131596941161,POINT (967432.1110802199 1943400.2611548067)
송파구,37.4896823816212,127.144370771375,POINT (968561.5286961372 1943441.0409673813)
송파구,37.4902967707864,127.136630156215,POINT (967877.5005948492 1943511.8163372248)
송파구,37.4903793334961,127.132263183594,POINT (967491.4873434262 1943522.4751869936)
송파구,37.4907255571672,127.113892844999,POINT (965867.6717948614 1943567.3886084429)
송파구,37.490765387767,127.137097913833,POINT (967919.0517137494 1943563.6466230715)
송파구,37.4909188705051,127.147464083366,POINT (968835.4994767308 1943577.1922234243)
송파구,37.491626739502,127.124290466309,POINT (966787.2363201096 1943663.6493364275)
송파구,37.4916615848968,127.131879218584,POINT (967458.1004061829 1943664.8647606757)
송파구,37.4919749622632,127.13753236197,POINT (967957.9742570126 1943697.6925524212)
송파구,37.4921706694254,127.157201834535,POINT (969696.8341284535 1943712.891334648)
송파구,37.4922357717145,127.146474364947,POINT (968748.5558467874 1943723.6213544344)
송파구,37.4924761429599,127.141833158638,POINT (968338.3762001349 1943751.839825529)
송파구,37.4926528930664,127.123886108398,POINT (966751.9457702684 1943777.6367568898)
송파구,37.4928932189941,127.136825561523,POINT (967895.8861385495 1943799.807604992)
송파구,37.4928995491581,127.124359121809,POINT (966793.8689927786 1943804.834590389)
송파구,37.4929578034767,127.151717407711,POINT (969212.3354176123 1943801.9980230494)
송파구,37.492974828596,127.151793850668,POINT (969219.0998703461 1943803.8618423142)
송파구,37.4929907896418,127.15187163473,POINT (969225.9824354358 1943805.607177069)
송파구,37.4930173913773,127.151777757414,POINT (969217.6947144667 1943808.5891494926)
송파구,37.4930233922671,127.147664158458,POINT (968854.0602564795 1943810.608047789)
송파구,37.4930244563362,127.147542117948,POINT (968843.272471841 1943810.766486019)
송파구,37.4930265844744,127.147597103233,POINT (968848.1339852858 1943810.984390043)
송파구,37.4930518075892,127.137972244249,POINT (967997.3193126207 1943817.0114510525)
송파구,37.4930680831577,127.147591738815,POINT (968847.6770137562 1943815.5901562683)
송파구,37.4930962133987,127.13188605267,POINT (967459.3269529514 1943824.0245283358)
송파구,37.4931674249878,127.151840789326,POINT (969223.3282197102 1943825.21372522)
송파구,37.4932153079915,127.151860905894,POINT (969225.1261422711 1943830.519434697)
송파구,37.4932333971183,127.151779098519,POINT (969217.9019171526 1943832.5530463883)
송파구,37.4932514862406,127.151931984433,POINT (969231.4242197415 1943834.5099243643)
송파구,37.4932564230458,127.147740601415,POINT (968860.9144642954 1943836.4359054884)
송파구,37.493309626318,127.147823749894,POINT (968868.2867449593 1943842.3109369194)
송파구,37.4933128185131,127.147758035773,POINT (968862.4790472568 1943842.6868242235)
송파구,37.4933149466431,127.147689639444,POINT (968856.4338053407 1943842.945552354)
송파구,37.4933586120605,127.131019592285,POINT (967382.8471015261 1943853.4357353356)
송파구,37.4933678260312,127.148691560023,POINT (968945.0238656561 1943848.481137563)
송파구,37.4933710182238,127.148759956353,POINT (968951.0713081943 1943848.8127266662)
송파구,37.4933774026087,127.148627187007,POINT (968939.3373647125 1943849.5648317297)
송파구,37.4933787847156,127.130229506172,POINT (967313.0135584151 1943855.947816497)
송파구,37.4934093245249,127.148713017695,POINT (968946.9378693653 1943853.0780286586)
송파구,37.4934235498548,127.137639650331,POINT (967968.0771960149 1943858.3668148725)
송파구,37.4934252854778,127.148942346566,POINT (968967.2167502855 1943854.7731567814)
송파구,37.4934426343327,127.147786198968,POINT (968865.0225172666 1943857.079673579)
송파구,37.493444762459,127.14767086398,POINT (968854.8279910121 1943857.353929081)
송파구,37.4934603995623,127.148860539191,POINT (968959.9996529012 1943858.695793957)
송파구,37.4934710401907,127.148923571103,POINT (968965.5759643484 1943859.8555147888)
송파구,37.4934766843463,127.147735236997,POINT (968860.5317055504 1943860.8741440254)
송파구,37.4934774245671,127.148983920806,POINT (968970.9134109449 1943860.5439218648)
송파구,37.4935181827795,127.14778083455,POINT (968864.5796741958 1943865.4630243913)
송파구,37.4935189229998,127.148912842267,POINT (968964.6473679827 1943865.1713176516)
송파구,37.4935859588809,127.148541356318,POINT (968931.8364663906 1943872.7310290432)
송파구,37.4936338416164,127.148518557542,POINT (968929.8409343488 1943878.0508116677)
송파구,37.4936615071828,127.148470277779,POINT (968925.584561464 1943881.1360515188)
송파구,37.4936646993629,127.148574883931,POINT (968934.8328561923 1943881.4556743347)
송파구,37.4936767106283,127.130758329167,POINT (967359.8902975236 1943888.817145468)
송파구,37.4937359913493,127.148822988265,POINT (968956.7942848132 1943889.2831751648)
송파구,37.4937572725261,127.148743863099,POINT (968949.808597196 1943891.6702717927)
송파구,37.4937721693462,127.148797507279,POINT (968954.5567945011 1943893.3052768516)
송파구,37.4937998348614,127.148853833668,POINT (968959.5473758678 1943896.3559983608)
송파구,37.4938083473256,127.14876800298,POINT (968951.9636543216 1943897.3287042805)
송파구,37.4941690366958,127.125231677599,POINT (966871.5627351233 1943945.368079528)
송파구,37.4942101405467,127.158895463603,POINT (969847.3703662287 1943938.6125785375)
송파구,37.4942436218262,127.139938354492,POINT (968171.6267172549 1943948.568394777)
송파구,37.4943058784838,127.159480541945,POINT (969899.1281400541 1943949.0467789436)
송파구,37.4943831972145,127.138729364976,POINT (968064.8147189699 1943964.4628099739)
송파구,37.4944861053191,127.125606969766,POINT (966904.8775147581 1943980.4126565813)
송파구,37.4948686640917,127.142705702937,POINT (968416.5160974262 1944016.9803841768)
송파구,37.4953014007737,127.138416726455,POINT (968037.5696787958 1944066.4372951137)
송파구,37.4954845337095,127.137642597191,POINT (967969.2179061101 1944087.017787243)
송파구,37.4956770480537,127.157082218291,POINT (969687.6772454971 1944101.9381784445)
송파구,37.4962924155821,127.141951064063,POINT (968350.4094536816 1944175.1893014389)
송파구,37.496616716117,127.119382811096,POINT (966355.6359220294 1944218.996003715)
송파구,37.496955871582,127.149353027344,POINT (969004.9793642291 1944246.3319939207)
송파구,37.4969588426778,127.133937256448,POINT (967642.3172293376 1944251.849641343)
송파구,37.4970562059237,127.131906733756,POINT (967462.873179093 1944263.3514170863)
송파구,37.4972983616295,127.144471802575,POINT (968573.651411985 1944285.9474986922)
송파구,37.4973964297985,127.158722609281,POINT (969833.3721939299 1944292.1646995617)
송파구,37.4976100649811,127.126468762755,POINT (966982.4328723693 1944326.6920363898)
송파구,37.4976488237489,127.108187832542,POINT (965366.5370715417 1944337.5618574696)
송파구,37.4976539611816,127.1240234375,POINT (966766.3017476397 1944332.422638857)
송파구,37.4977509679903,127.108541884132,POINT (965397.8800214349 1944348.763854715)
송파구,37.4978531120919,127.10887447805,POINT (965427.3261746952 1944359.9738357447)
송파구,37.4978942871094,127.142547607422,POINT (968403.8157542859 1944352.7055567352)
송파구,37.4980834935994,127.121357460732,POINT (966530.8388612525 1944381.0210276959)
송파구,37.4982988281838,127.123273016722,POINT (966700.2559075803 1944404.2314997206)
송파구,37.4984445344317,127.139383065122,POINT (968124.3262281151 1944414.8187707546)
송파구,37.4987602233887,127.114265441895,POINT (965904.2628176983 1944458.6451645482)
송파구,37.4988178178666,127.105022583718,POINT (965087.29424829 1944468.4233239118)
송파구,37.4988670349121,127.124404907227,POINT (966800.5581879986 1944466.8703343563)
송파구,37.4989356994629,127.115013122559,POINT (965970.4314818919 1944477.8424624815)
송파구,37.4989776611328,127.138946533203,POINT (968085.967031527 1944474.1134790713)
송파구,37.4990894010287,127.105840228962,POINT (965159.6937414112 1944498.2506741658)
송파구,37.4993327855983,127.106798206086,POINT (965244.4837674998 1944524.898376513)
송파구,37.4993381127422,127.138841206838,POINT (968076.8105013845 1944514.1388543225)
송파구,37.4993744606089,127.094905948524,POINT (964193.3301185145 1944533.9798724286)
송파구,37.4993836895969,127.104589790468,POINT (965049.3025280854 1944531.3636388413)
송파구,37.4994116925997,127.159126611564,POINT (969869.8931187982 1944515.6148459131)
송파구,37.4994745718866,127.148491568262,POINT (968929.8750457317 1944526.0485786027)
송파구,37.4995803833008,127.092628479004,POINT (963992.1203000316 1944557.694515618)
송파구,37.4995813969175,127.15979783437,POINT (969929.291345997 1944534.2277097215)
송파구,37.4995984581837,127.155013933778,POINT (969506.4446196649 1944537.6597423577)
송파구,37.4996094196904,127.105596576448,POINT (965138.3986435127 1944556.033491172)
송파구,37.4996109008789,127.093116760254,POINT (964035.2946791679 1944560.8935416522)
송파구,37.4997329711914,127.115730285645,POINT (966034.1839870479 1944566.0353496235)
송파구,37.4997940063477,127.16096496582,POINT (970032.5401987472 1944557.443009824)
송파구,37.4999750336402,127.134307248027,POINT (967676.322456287 1944586.3483997162)
송파구,37.5000076293945,127.148628234863,POINT (968942.1759454686 1944585.1425676933)
송파구,37.5000094733338,127.10668018889,POINT (965234.3657970568 1944600.0159473952)
송파구,37.5000799739818,127.159303661247,POINT (969885.8111312074 1944589.6994234195)
송파구,37.5002253645896,127.115296925261,POINT (965996.102158999 1944620.8195785347)
송파구,37.5002608484249,127.159072991272,POINT (969865.4948117837 1944609.840036848)
송파구,37.5004005432129,127.103782653809,POINT (964978.4335509256 1944644.476804562)
송파구,37.5004571278946,127.160762771964,POINT (970014.9333101028 1944631.0762034808)
송파구,37.5005011659403,127.132120653987,POINT (967483.2763046249 1944645.4724359429)
송파구,37.500721690413,127.134791034773,POINT (967719.4060821797 1944669.0188771682)
송파구,37.5007358734233,127.12274716656,POINT (966654.8583902383 1944674.7914226027)
송파구,37.5009763278278,127.118919654295,POINT (966316.6536976259 1944702.831198381)
송파구,37.5009939190674,127.133632794939,POINT (967617.147185717 1944699.6187029995)
송파구,37.5010395404926,127.13183661716,POINT (967458.4039499823 1944705.2996329747)
송파구,37.5011428726997,127.133694485746,POINT (967622.6643161572 1944716.1228791215)
송파구,37.5011496729472,127.124628942043,POINT (966821.3710715257 1944720.0346480194)
송파구,37.5012533510908,127.144945590413,POINT (968617.1865242512 1944724.5685416206)
송파구,37.5012626647949,127.125091552734,POINT (966862.310803191 1944732.407348911)
송파구,37.5013771057129,127.115264892578,POINT (965993.7931238307 1944748.6091259026)
송파구,37.5016981219919,127.087150195251,POINT (963508.9190741762 1944794.7536601268)
송파구,37.5017013549805,127.145736694336,POINT (968687.2985311778 1944774.0080347832)
송파구,37.5017038244661,127.090029883924,POINT (963763.4536759787 1944794.2736437768)
송파구,37.5017547607422,127.139961242676,POINT (968176.8375883161 1944781.8702711584)
송파구,37.5019143696484,127.123091701194,POINT (966685.8353167109 1944805.4156631106)
송파구,37.5019977673818,127.129043340683,POINT (967211.9271389112 1944812.577947151)
송파구,37.5023807807656,127.15400010063,POINT (969417.9657382366 1944846.6684409084)
송파구,37.5023915516947,127.123871968999,POINT (966755.013453417 1944858.0799032585)
송파구,37.5024320292128,127.129957191758,POINT (967292.8902260845 1944860.4383967735)
송파구,37.5025215148926,127.092590332031,POINT (963990.1609484811 1944884.0082346492)
송파구,37.5025838081331,127.141769661502,POINT (968337.0310440264 1944873.2375256408)
송파구,37.5031394958496,127.106895446777,POINT (965254.8430256514 1944947.19165203)
송파구,37.5032249515929,127.140821641404,POINT (968253.5094077743 1944944.6874501368)
송파구,37.5032928930489,127.110653621252,POINT (965587.0868684547 1944962.8291797081)
송파구,37.5034441321521,127.132097601891,POINT (967482.5150781436 1944971.982716132)
송파구,37.5035157235445,127.08651572757,POINT (963453.7252840172 1944996.6508359276)
송파구,37.5035265531436,127.141573860244,POINT (968320.1230054685 1944977.894630485)
송파구,37.5035589375367,127.116184337127,POINT (966076.0490705614 1944990.3370074232)
송파구,37.5038566589355,127.086326599121,POINT (963437.175141065 1945034.5488531552)
송파구,37.5039108275745,127.112469092011,POINT (965747.8326838504 1945030.722608533)
송파구,37.5039482116699,127.115730285645,POINT (966036.0934399337 1945033.6881602712)
송파구,37.5041571510968,127.128101712756,POINT (967129.6450453516 1945052.475597388)
송파구,37.5042296772063,127.082295249622,POINT (963081.0434222645 1945077.506688168)
송파구,37.5044097900391,127.14022064209,POINT (968200.8915781608 1945076.3402268235)
송파구,37.5046882629395,127.137237548828,POINT (967937.3489731746 1945108.2471027598)
송파구,37.5048423291385,127.112689759136,POINT (965767.7618891036 1945133.9862545761)
송파구,37.5048741798119,127.140014907978,POINT (968182.9047813317 1945127.9306991936)
송파구,37.5050713174977,127.131634080832,POINT (967442.2527052765 1945152.6683230924)
송파구,37.5052032470703,127.140289306641,POINT (968207.2969943754 1945164.3457716247)
송파구,37.5052047610983,127.078759911071,POINT (962769.0542558964 1945187.078727631)
송파구,37.5052763285357,127.092152129667,POINT (963952.7537874902 1945189.8045239826)
송파구,37.5054512023926,127.140228271484,POINT (968202.0076071278 1945191.8753785836)
송파구,37.5056687282903,127.137168261817,POINT (967931.6444320237 1945217.046793258)
송파구,37.5058757896297,127.079340997442,POINT (962820.7461024601 1945261.2952629856)
송파구,37.5058898925781,127.100120544434,POINT (964657.326820248 1945254.85293738)
송파구,37.505973815918,127.140579223633,POINT (968233.2476458766 1945249.737329995)
송파구,37.5060005187988,127.095733642578,POINT (964269.6489305675 1945268.7828218748)
송파구,37.5060136596132,127.134011658301,POINT (967652.8004628296 1945256.394990467)
송파구,37.5061340332031,127.102760314941,POINT (964890.7538136314 1945280.950594685)
송파구,37.5061683654785,127.110504150391,POINT (965575.1959857696 1945281.898537416)
송파구,37.5063209533691,127.140953063965,POINT (968266.4358991435 1945288.1237821223)
송파구,37.5063335822144,127.110292560439,POINT (965556.5708678389 1945300.3056733038)
송파구,37.5063362121582,127.083755493164,POINT (963211.141790659 1945310.6412004917)
송파구,37.506408544832,127.117634830543,POINT (966205.5374867229 1945305.9601986485)
송파구,37.5068817138672,127.131401062012,POINT (967422.444153408 1945353.600411605)
송파구,37.5071648659684,127.136920195751,POINT (967910.3598223873 1945383.1178744368)
송파구,37.5071863507321,127.098059211134,POINT (964475.7529182166 1945399.4626850358)
송파구,37.5073165893555,127.112968444824,POINT (965793.5224692629 1945408.3878009014)
송파구,37.5074119567871,127.11319732666,POINT (965813.7949885871 1945418.88501624)
송파구,37.5077059569145,127.09417450878,POINT (964132.6630824957 1945458.583222595)
송파구,37.5077247619629,127.080940246582,POINT (962963.0072650688 1945465.7961666519)
송파구,37.5080635214415,127.086324094105,POINT (963439.0054208618 1945501.2739175295)
송파구,37.5081880887107,127.132215139604,POINT (967494.9607742486 1945498.2525365187)
송파구,37.5083899454789,127.129434656262,POINT (967249.3073431135 1945521.6113145556)
송파구,37.5084178813228,127.132214522749,POINT (967495.0058985489 1945523.7467221972)
송파구,37.5085828118747,127.117891471529,POINT (966229.1996994998 1945547.0887023949)
송파구,37.5086026291042,127.09782188606,POINT (964455.4491633651 1945556.6791902224)
송파구,37.5091685459463,127.123166129497,POINT (966695.6366467617 1945610.1921081052)
송파구,37.5094146728516,127.115913391113,POINT (966054.7527239154 1945640.0899860947)
송파구,37.5094417154071,127.102736983656,POINT (964890.2409320063 1945647.9250911688)
송파구,37.5095863342285,127.107055664062,POINT (965271.9907141014 1945662.3669610743)
송파구,37.5098053043875,127.106816252047,POINT (965250.933154152 1945686.7486648727)
송파구,37.5101574864043,127.076057097874,POINT (962532.6427782046 1945737.6245495742)
송파구,37.5102235453788,127.103217756191,POINT (964933.0971260957 1945734.4847819426)
송파구,37.5102960981436,127.101688897052,POINT (964798.0128039538 1945743.1049093602)
송파구,37.5103362087884,127.075220248661,POINT (962458.772617048 1945757.7862118548)
송파구,37.5107362049547,127.074973485432,POINT (962437.164499474 1945802.2617223216)
송파구,37.5109867551706,127.102341635157,POINT (964856.0246394331 1945819.4848474802)
송파구,37.5110085415435,127.077677152119,POINT (962676.2448939788 1945831.3998412942)
송파구,37.5111618041992,127.125030517578,POINT (966861.2920580704 1945830.6728221779)
송파구,37.5118675231934,127.118072509766,POINT (966246.6790926199 1945911.4410436444)
송파구,37.5119914712192,127.103897628988,POINT (964994.0089999299 1945930.3715836345)
송파구,37.5121446353619,127.107706973358,POINT (965330.7363051276 1945945.953729234)
송파구,37.512302099837,127.104825673307,POINT (965076.171035098 1945964.4889595415)
송파구,37.5126340029588,127.105431852545,POINT (965129.8972185756 1946001.0866496975)
송파구,37.5127211485084,127.114961455655,POINT (965972.1222563403 1946007.2658178005)
송파구,37.5129674675778,127.123329263349,POINT (966711.7415685788 1946031.5999537932)
송파구,37.513029205204,127.086803007572,POINT (963483.7515692337 1946051.9987523777)
송파구,37.5130729675292,127.110282897949,POINT (965558.8135633451 1946048.0001699612)
송파구,37.5131403651344,127.106467185225,POINT (965221.6304597413 1946056.8810800307)
송파구,37.5134594991945,127.107137737479,POINT (965281.0384347697 1946092.0393050883)
송파구,37.5138383831749,127.082121543239,POINT (963070.42437395 1946143.5991134935)
송파구,37.5145568847656,127.113983154297,POINT (965886.4998609605 1946211.2831820848)
송파구,37.5164551894405,127.112352452492,POINT (965743.2568762116 1946422.4804374687)
송파구,37.5194689246229,127.107228008532,POINT (965291.7994789288 1946758.713482344)
송파구,37.5199279785156,127.109832763672,POINT (965522.1868134593 1946808.6847967282)
송파구,37.5323333740234,127.112129211426,POINT (965730.7925779733 1948184.147308357)
송파구,37.534434879726,127.112132939708,POINT (965732.0835440103 1948417.2952564915)
송파구,37.5360552168403,127.121469627331,POINT (966557.7033117276 1948593.7006336784)
송파구,37.5372809922461,127.121315017343,POINT (966544.5914473381 1948729.7480084142)
송파구,37.5382537841797,127.121963500977,POINT (966602.3166504124 1948837.442906518)
송파구,37.5394146425461,127.120189180574,POINT (966446.0836823594 1948966.864835763)
송파구,37.4693002778728,127.126062318683,POINT (966934.0319912989 1941186.063408219)
송파구,37.4699123039438,127.125556183588,POINT (966889.5460643906 1941254.1410437562)
송파구,37.4743118286133,127.142425537109,POINT (968383.0887561258 1941736.4391167038)
송파구,37.4745140075684,127.138717651367,POINT (968055.3205784776 1941760.120727084)
송파구,37.47543,127.1421,POINT (968354.7759718695 1941860.601454513)
송파구,37.4755,127.14112,POINT (968268.1544760416 1941868.69722176)
송파구,37.4760971069336,127.137512207031,POINT (967949.4105661308 1941936.163729388)
송파구,37.4772605895996,127.14151763916,POINT (968304.0570616309 1942063.887986883)
송파구,37.4773445129395,127.137100219727,POINT (967913.5165090166 1942074.694730077)
송파구,37.477498,127.142812,POINT (968418.6008910252 1942089.7920652314)
송파구,37.4789892310649,127.129793933866,POINT (967268.2322086302 1942259.6790732357)
송파구,37.479164174617,127.147417820361,POINT (968826.5260196883 1942273.1073644494)
송파구,37.4797172546387,127.135269165039,POINT (967752.6393326011 1942338.5589000257)
송파구,37.4799037774712,127.134253057248,POINT (967662.8811025013 1942359.6007491976)
송파구,37.4800125697088,127.126842765672,POINT (967007.7536452077 1942374.2411511035)
송파구,37.4803637271125,127.125773397448,POINT (966913.3612284202 1942413.5747965674)
송파구,37.4804573059082,127.137840270996,POINT (967980.278021389 1942419.7848662185)
송파구,37.480791,127.1431,POINT (968445.4497175928 1942455.0301992483)
송파구,37.480899810791,127.128379821777,POINT (967144.0395938873 1942472.136783484)
송파구,37.4809331764125,127.133023460838,POINT (967554.6123824778 1942474.228208679)
송파구,37.4810321308449,127.12762203864,POINT (967077.0997155093 1942487.081448356)
송파구,37.4812698364258,127.144676208496,POINT (968585.0077623057 1942507.6266174102)
송파구,37.4813862848491,127.127576269957,POINT (967073.2085809617 1942526.3883258596)
송파구,37.4814374134144,127.14750365105,POINT (968835.0588811453 1942525.2784786068)
송파구,37.4815635681152,127.141983032227,POINT (968347.0209638262 1942541.11601884)
송파구,37.4819423553799,127.128757378719,POINT (967177.8765982863 1942587.668026354)
송파구,37.4825048873106,127.129377374697,POINT (967232.9372434483 1942649.8610121838)
송파구,37.4835085914476,127.128566427478,POINT (967161.6797323488 1942761.4974227622)
송파구,37.4843139648438,127.129608154297,POINT (967254.1302990373 1942850.4850975284)
송파구,37.4845161437988,127.130744934082,POINT (967354.7198829306 1942872.5206586444)
송파구,37.4847205449692,127.128179101424,POINT (967127.9672354534 1942896.090289324)
송파구,37.4853630065917,127.132179260254,POINT (967481.8939954583 1942965.9777540918)
송파구,37.4857978820801,127.129341125488,POINT (967231.170674037 1943015.2081881526)
송파구,37.4862684702654,127.113397212566,POINT (965821.8264847476 1943073.0854528497)
송파구,37.4865455627441,127.122993469238,POINT (966670.3236609375 1943100.3864093032)
송파구,37.4866788712478,127.124397206365,POINT (966794.4820540899 1943114.680027506)
송파구,37.4868094367734,127.114993462206,POINT (965963.1912145765 1943132.523629442)
송파구,37.4870956565697,127.125349275767,POINT (966878.8349683492 1943160.5840746823)
송파구,37.4872894287109,127.128616333008,POINT (967167.7464950769 1943180.9373617766)
송파구,37.4873008728027,127.123123168945,POINT (966682.1253981326 1943184.1368828535)
송파구,37.4873800202244,127.122532159391,POINT (966629.9120842903 1943193.1270620334)
송파구,37.4874114990234,127.126640319824,POINT (966993.1096842635 1943195.1711680205)
송파구,37.4874350760749,127.13129645682,POINT (967404.7475635497 1943196.1646124802)
송파구,37.4876670837402,127.124313354492,POINT (966787.5065247238 1943224.3448890815)
송파구,37.4879310792498,127.118230409666,POINT (966249.8618570659 1943255.7967132404)
송파구,37.4880209238884,127.122807967978,POINT (966654.5799482196 1943264.1331359388)
송파구,37.488039,127.124815,POINT (966832.0189869595 1943265.4295525146)
송파구,37.4881268062014,127.135329827032,POINT (967761.6163637795 1943271.518400577)
송파구,37.4885787963867,127.122444152832,POINT (966622.6651983373 1943326.1541397648)
송파구,37.488733,127.120777,POINT (966475.3510670871 1943343.8543468637)
송파구,37.4887657165527,127.127342224121,POINT (967055.7565340144 1943345.1663103416)
송파구,37.4889218787107,127.124963220309,POINT (966845.5125582472 1943363.3265970224)
송파구,37.4889602661133,127.123756408691,POINT (966738.8430534541 1943368.0111122313)
송파구,37.4889717102051,127.125602722168,POINT (966902.0688278632 1943368.6300271777)
송파구,37.4895042117637,127.134955300498,POINT (967729.0990727205 1943424.4602545341)
송파구,37.4895439147949,127.126129150391,POINT (966948.8590741457 1943431.9272027174)
송파구,37.4895928114144,127.144914192847,POINT (968609.5311282845 1943430.9224385514)
송파구,37.4896007062249,127.110009408612,POINT (965523.8530620665 1943444.009273001)
송파구,37.4897155761719,127.133407592773,POINT (967592.3685116011 1943448.4413418914)
송파구,37.4897499084473,127.142875671387,POINT (968429.3862670533 1943449.03294618)
송파구,37.4897880554199,127.124336242676,POINT (966790.4689313208 1943459.6438906058)
송파구,37.4899101257324,127.121192932129,POINT (966512.6465651654 1943474.3002593955)
송파구,37.4900345350865,127.127524482689,POINT (967072.4258438621 1943485.8691512293)
송파구,37.4900537645213,127.124331615865,POINT (966790.1775457672 1943489.1241079997)
송파구,37.4901428222656,127.122467041016,POINT (966625.3844707584 1943499.6638612112)
송파구,37.4901859829338,127.148391116931,POINT (968917.146677156 1943495.5769727533)
송파구,37.4902229309082,127.133987426758,POINT (967643.8462293573 1943504.5293699112)
송파구,37.4906565990133,127.11530700366,POINT (965992.6543186153 1943559.2263651271)
송파구,37.4907049973183,127.125910123533,POINT (966930.0083517389 1943560.8181884678)
송파구,37.4907569885254,127.156921386719,POINT (969671.4710235114 1943556.1436493336)
송파구,37.4908065795898,127.149139404297,POINT (968983.5534474633 1943564.1810230655)
송파구,37.4909027947998,127.147224476717,POINT (968814.3112741127 1943575.4880863642)
송파구,37.4911047156772,127.143508328473,POINT (968485.88399752 1943599.127376113)
송파구,37.491117,127.158031,POINT (969769.7074624613 1943595.7274873278)
송파구,37.491129,127.116895,POINT (966133.2490349278 1943611.063517698)
송파구,37.49116,127.148508,POINT (968927.8828611281 1943603.5987742208)
송파구,37.491276090405,127.147986353596,POINT (968881.8169956969 1943616.650506008)
송파구,37.4912814224934,127.147528451457,POINT (968841.3402981785 1943617.3935298203)
송파구,37.4914837637068,127.12508365322,POINT (966857.2912167374 1943647.507600066)
송파구,37.4916152954102,127.158355712891,POINT (969798.6130266736 1943650.905646186)
송파구,37.4917691684573,127.147359136176,POINT (968826.5754027228 1943671.5616024258)
송파구,37.4917695151639,127.118897242237,POINT (966310.5370252639 1943681.4058168277)
송파구,37.4918365478516,127.148216247559,POINT (968902.372166226 1943678.7533829757)
송파구,37.491869291473,127.155473925742,POINT (969543.9651053826 1943680.0131978022)
송파구,37.4920082092285,127.156440734863,POINT (969629.4873518541 1943695.1127922705)
송파구,37.4920692443848,127.150344848633,POINT (969090.6366678786 1943703.8683798544)
송파구,37.4921009610621,127.145813634776,POINT (968690.0912458649 1943708.884610315)
송파구,37.4921364241451,127.148568682995,POINT (968933.6517084956 1943711.906200077)
송파구,37.4922383255223,127.149246379733,POINT (968993.6020733757 1943722.988008828)
송파구,37.4922409057617,127.144241333008,POINT (968551.1587162602 1943724.9346267993)
송파구,37.4922738018273,127.144901260733,POINT (968609.5098729248 1943728.3639479985)
송파구,37.4923909471524,127.12620821225,POINT (966957.1025625801 1943747.7580149039)
송파구,37.4924432833836,127.158230671535,POINT (969787.8928341155 1943742.805247323)
송파구,37.4925422668457,127.131072998047,POINT (967387.2131276283 1943762.8493532927)
송파구,37.492546378977,127.14595688217,POINT (968702.9401472568 1943758.252997238)
송파구,37.492589,127.144139,POINT (968542.2585057729 1943763.5874595342)
송파구,37.4926300048828,127.123016357422,POINT (966675.0502814841 1943775.4050251702)
송파구,37.4927704243007,127.155174665739,POINT (969517.8767182599 1943780.084461822)
송파구,37.4927978515625,127.135398864746,POINT (967769.7267079536 1943789.714782488)
송파구,37.4928015725094,127.153474799721,POINT (969367.6229557162 1943784.0919477409)
송파구,37.492862701416,127.15705871582,POINT (969684.462180612 1943789.7135361778)
송파구,37.4928794851896,127.142706908554,POINT (968415.7850086845 1943796.294323517)
송파구,37.493091583252,127.154510498047,POINT (969459.2957205591 1943815.930089695)
송파구,37.4931265880925,127.141692433754,POINT (968326.210884933 1943824.0495501435)
송파구,37.4931653606954,127.127682723105,POINT (967087.7884508573 1943833.1573028266)
송파구,37.4932060241699,127.155113220215,POINT (969512.6220562975 1943828.431132893)
송파구,37.4932077906642,127.126898215361,POINT (967018.4577075029 1943838.1392010574)
송파구,37.4933023593729,127.125551469242,POINT (966899.4490091436 1943849.1036712048)
송파구,37.4933637430884,127.155992675742,POINT (969590.4285517775 1943845.6444741294)
송파구,37.4933899550424,127.153315326233,POINT (969353.7660737439 1943849.4208040684)
송파구,37.4933929443359,127.142189025879,POINT (968370.2212730518 1943853.4329532138)
송파구,37.4934539794922,127.14624786377,POINT (968729.0411204259 1943858.8482740002)
송파구,37.4934787105825,127.147397807515,POINT (968830.704388628 1943861.2106192852)
송파구,37.49349,127.134441,POINT (967685.3505994545 1943866.8322753797)
송파구,37.4935308723646,127.137136012094,POINT (967923.6023364962 1943870.445009396)
송파구,37.493589456377,127.157721819673,POINT (969743.3730089115 1943870.1285880501)
송파구,37.4936616834181,127.155440113728,POINT (969541.7039944838 1943878.877532513)
송파구,37.4936928836129,127.12216744972,POINT (966600.4807778916 1943893.625003329)
송파구,37.4937591552734,127.157035827637,POINT (969682.8012504998 1943889.176220323)
송파구,37.4937975391262,127.119043599755,POINT (966324.3856316181 1943906.348809879)
송파구,37.4938918847293,127.145410330594,POINT (968655.1876784924 1943907.709392516)
송파구,37.4939024027949,127.136749221706,POINT (967889.5698397415 1943911.7956241632)
송파구,37.4940737672896,127.12612436862,POINT (966950.4323553795 1943934.4847869722)
송파구,37.4941100633757,127.144092245258,POINT (968538.7634635769 1943932.354536292)
송파구,37.4941177368164,127.141510009766,POINT (968310.5036321575 1943934.0720506676)
송파구,37.4941997897104,127.154991150891,POINT (969502.235404512 1943938.7220554817)
송파구,37.4942684197874,127.153888932027,POINT (969404.8301949481 1943946.693773237)
송파구,37.494286,127.153263,POINT (969349.506708061 1943948.8478084519)
송파구,37.4945045639824,127.14724325129,POINT (968817.4684090058 1943975.0731430147)
송파구,37.4945945739746,127.156318664551,POINT (969619.7439807226 1943982.0913454834)
송파구,37.4946595674421,127.157504643663,POINT (969724.6070463713 1943988.9198027775)
송파구,37.4948501586914,127.117469787598,POINT (966185.7385285815 1944023.6939777029)
송파구,37.4948727184793,127.131336334936,POINT (967411.504538654 1944021.3057372265)
송파구,37.4949836730957,127.124198913574,POINT (966780.6298635829 1944036.1103971822)
송파구,37.4950675964355,127.155685424805,POINT (969563.959536549 1944034.7744766755)
송파구,37.495083764944,127.134502674061,POINT (967691.4890434332 1944043.628368272)
송파구,37.495174407959,127.121429443359,POINT (966535.9035293809 1944058.252128479)
송파구,37.4952201843262,127.125999450684,POINT (966939.8952667911 1944061.7157821355)
송파구,37.4952507019042,127.155418395996,POINT (969540.429542519 1944055.1751373487)
송파구,37.495329859905,127.125422045589,POINT (966888.9032710765 1944074.0864963627)
송파구,37.4954071044922,127.134628295898,POINT (967702.7327983098 1944079.45756261)
송파구,37.4954986572266,127.119338989258,POINT (966351.2606652187 1944094.9706282574)
송파구,37.4956588745117,127.124710083008,POINT (966826.1141097182 1944110.8391086848)
송파구,37.4957885742188,127.120651245117,POINT (966467.3883161951 1944126.6666437665)
송파구,37.4958284953185,127.15086678401,POINT (969138.3225797721 1944120.7599561338)
송파구,37.4958730096567,127.134555174731,POINT (967696.4698641422 1944131.171641491)
송파구,37.4960754986727,127.144860782896,POINT (968607.5229358212 1944150.1494418592)
송파구,37.4961048640961,127.125926379502,POINT (966933.8261121319 1944159.8906352671)
송파구,37.4961166381836,127.11856842041,POINT (966283.4233770622 1944163.8071620534)
송파구,37.4961929321289,127.149559020996,POINT (969022.8728481584 1944161.6212963783)
송파구,37.4962615966797,127.155654907227,POINT (969561.7464977228 1944167.2504149145)
송파구,37.4962752852359,127.136466069374,POINT (967865.5565422887 1944175.1472671384)
송파구,37.4963228390823,127.148958034624,POINT (968969.8024118001 1944176.2315360208)
송파구,37.4965682425448,127.134781017899,POINT (967716.7326429543 1944208.2254909808)
송파구,37.49658248259,127.126817478589,POINT (967012.8050419545 1944212.5664839859)
송파구,37.4966926574707,127.152221679688,POINT (969258.4433849958 1944216.189413784)
송파구,37.4967578131129,127.140742349131,POINT (968243.762294277 1944227.229085366)
송파구,37.4967727661133,127.153953552246,POINT (969411.5638887839 1944224.512683805)
송파구,37.4969177246094,127.153022766113,POINT (969329.3469841987 1944240.8977245383)
송파구,37.4970982374608,127.131442485313,POINT (967421.8546514298 1944268.1751153253)
송파구,37.4971008300781,127.149803161621,POINT (969044.8284113004 1944262.2660083312)
송파구,37.4971116439565,127.155479505943,POINT (969546.5871069111 1944261.6140343477)
송파구,37.4971604044822,127.128314660936,POINT (967145.401051858 1944276.1593278674)
송파구,37.4973519471835,127.145287469029,POINT (968645.7735940407 1944291.6204211575)
송파구,37.4973551066333,127.126803417816,POINT (967011.902011332 1944298.2887960076)
송파구,37.4974098205566,127.141075134277,POINT (968273.4544613454 1944299.4526237193)
송파구,37.4974351335197,127.120520683457,POINT (966456.5837316794 1944309.3877467504)
송파구,37.4974783158159,127.151385053993,POINT (969184.8131946566 1944303.6263810166)
송파구,37.4974973719761,127.125989306105,POINT (966940.0023963124 1944314.3578112926)
송파구,37.4975543740221,127.150338992476,POINT (969092.3795287177 1944312.407505375)
송파구,37.4975651401645,127.152964985879,POINT (969324.5043758762 1944312.7428571708)
송파구,37.49762965015,127.097509302021,POINT (964422.6163467702 1944339.417541397)
송파구,37.497730255127,127.13436126709,POINT (967680.1297444097 1944337.2869122028)
송파구,37.4977874755859,127.146270751953,POINT (968732.8711388853 1944339.6122159145)
송파구,37.4978599328134,127.148511545512,POINT (968930.971891642 1944346.9088183763)
송파구,37.4978675842285,127.098815917969,POINT (964538.2251357943 1944365.3216454063)
송파구,37.4978713989258,127.151870727539,POINT (969227.9048656942 1944347.0773570582)
송파구,37.4978772228693,127.144063747655,POINT (968537.8247847513 1944350.3045139906)
송파구,37.4978981018066,127.148010253906,POINT (968886.6770427586 1944351.3089981708)
송파구,37.4979858398438,127.155601501465,POINT (969557.7256418724 1944358.5605891827)
송파구,37.4980316162109,127.14966583252,POINT (969033.0737137843 1944365.5755167329)
송파구,37.4981288815442,127.146976495527,POINT (968795.3960808172 1944377.254656759)
송파구,37.4981792469754,127.126197993756,POINT (966958.749470708 1944389.933938429)
송파구,37.498242,127.116994,POINT (966145.2117181899 1944400.166819394)
송파구,37.4982986450195,127.100631713867,POINT (964698.9319785015 1944412.4623729207)
송파구,37.4983367919922,127.148948669434,POINT (968969.8079206487 1944399.668875787)
송파구,37.4983499996139,127.09453256819,POINT (964159.8368760761 1944420.4648567615)
송파구,37.4984060676485,127.143870281294,POINT (968520.9457062052 1944409.0409167572)
송파구,37.4984384870588,127.144594828348,POINT (968585.0037394768 1944412.3955471432)
송파구,37.4985198974609,127.153579711914,POINT (969379.2319388032 1944418.466456815)
송파구,37.4985237121582,127.151260375977,POINT (969174.2221988767 1944419.646761835)
송파구,37.4985405258007,127.152617923916,POINT (969294.225787721 1944421.0683688005)
송파구,37.4985624466948,127.142018078229,POINT (968357.2910154533 1944427.011194723)
송파구,37.4985885620117,127.150360107422,POINT (969094.672168352 1944427.1366409375)
송파구,37.4990285141758,127.144321925089,POINT (968561.1285465921 1944477.946153223)
송파구,37.4990338947965,127.154814611095,POINT (969488.596580434 1944475.0898964184)
송파구,37.4990498141176,127.146409514714,POINT (968745.6629405662 1944479.6139597916)
송파구,37.4990864871952,127.092459865127,POINT (963976.9790606058 1944502.9645429286)
송파구,37.4991188049316,127.149116516113,POINT (968984.9677436805 1944486.3725407226)
송파구,37.4991798400879,127.102554321289,POINT (964869.2891497954 1944509.5057125734)
송파구,37.499210357666,127.117805480957,POINT (966217.3769339881 1944507.308001938)
송파구,37.4992637634277,127.10376739502,POINT (964976.5538693783 1944518.3643449808)
송파구,37.4993133544922,127.092979431152,POINT (964023.0132491406 1944527.935230474)
송파구,37.4993362426758,127.098831176758,POINT (964540.2683998961 1944528.2537506046)
송파구,37.4993896484375,127.096626281738,POINT (964345.3999782398 1944535.0117592982)
송파구,37.499498577266,127.137489186072,POINT (967957.3721764584 1944532.4007421199)
송파구,37.4995231628417,127.152267456055,POINT (969263.6499276109 1944530.1996195584)
송파구,37.4995360901082,127.100887912989,POINT (964722.1602561134 1944549.6525860839)
송파구,37.499624630883,127.097462681505,POINT (964419.4419940383 1944560.7649747513)
송파구,37.4996295816933,127.12227293488,POINT (966612.4486052191 1944552.2239204636)
송파구,37.499813079834,127.138671875,POINT (968062.0453360429 1944566.8906761347)
송파구,37.49982,127.153345,POINT (969359.0164745394 1944562.7803235434)
송파구,37.4998462683247,127.112653172426,POINT (965762.2468718488 1944579.7198465643)
송파구,37.499864788432,127.148014773523,POINT (968887.8925244643 1944569.4979495518)
송파구,37.4999045141965,127.091045335216,POINT (963852.3406442308 1944594.26155447)
송파구,37.499927520752,127.154022216797,POINT (969418.9199969374 1944574.488756547)
송파구,37.4999809265137,127.092002868652,POINT (963937.0145153063 1944602.3716633343)
송파구,37.5000530657507,127.096232563141,POINT (964310.9144069694 1944608.7627279283)
송파구,37.5000534830456,127.150863648513,POINT (969139.7841398225 1944589.4943971096)
송파구,37.5000762939453,127.105278015137,POINT (965110.4578956664 1944607.9481187987)
송파구,37.5001373291016,127.092842102051,POINT (964011.2699926904 1944619.4022532413)
송파구,37.5002288818359,127.15306854248,POINT (969334.7474120186 1944608.233011919)
송파구,37.5002517700195,127.149894714355,POINT (969054.2214544232 1944611.8111324299)
송파구,37.5095291137695,127.122337341309,POINT (966622.549092933 1945650.488405583)
송파구,37.500262,127.118046,POINT (966239.1102649608 1944623.8943495)
송파구,37.500282,127.096859,POINT (964366.3943204076 1944633.9241022347)
송파구,37.5002830721101,127.08938321178,POINT (963705.6074940301 1944636.899725282)
송파구,37.5003197468239,127.107393577695,POINT (965297.5662601014 1944634.1754417235)
송파구,37.5003318786621,127.102073669434,POINT (964827.3439454475 1944637.4962332314)
송파구,37.5003356933594,127.116096496582,POINT (966066.8264586576 1944632.7712340932)
송파구,37.500337156089,127.100218548441,POINT (964663.3718375851 1944638.7766333686)
송파구,37.5004461440187,127.112864722065,POINT (965781.2196623632 1944646.1951036444)
송파구,37.5005035400391,127.154090881348,POINT (969425.2241686492 1944638.3718562943)
송파구,37.5005157892494,127.098783366899,POINT (964536.6002797133 1944659.134614891)
송파구,37.5005270396972,127.144265135832,POINT (968556.7372250387 1944644.2163361846)
송파구,37.5006637573242,127.128631591797,POINT (967174.9493998584 1944664.7220303388)
송파구,37.5006980895996,127.112274169922,POINT (965729.1358647713 1944674.3616596889)
송파구,37.5007142263937,127.093464267565,POINT (964066.5399717963 1944683.167463394)
송파구,37.5072593688965,127.111625671387,POINT (965674.8192974128 1945402.5285211732)
송파구,37.5008276405942,127.137809263667,POINT (967986.2316303849 1944679.7423907255)
송파구,37.500846862793,127.090103149414,POINT (963769.515436348 1944699.1711880038)
송파구,37.5008723379185,127.09485538381,POINT (964189.5759866538 1944700.1786665032)
송파구,37.5009536743164,127.100601196289,POINT (964697.48443535 1944707.0316366935)
송파구,37.5009537554924,127.148586754595,POINT (968938.9014084861 1944690.1225103003)
송파구,37.5009552160149,127.109578870013,POINT (965491.0172252493 1944703.8729906918)
송파구,37.5009880065917,127.088203430176,POINT (963601.6683953519 1944715.5631741453)
송파구,37.5010185241699,127.149490356445,POINT (969018.7969799011 1944697.0103196604)
송파구,37.5010452270508,127.140754699707,POINT (968246.6695584478 1944702.884304309)
송파구,37.5010719299316,127.10863494873,POINT (965407.6383536434 1944717.1681475865)
송파구,37.501074,127.086644,POINT (963463.8730304748 1944725.7078211731)
송파구,37.501163482666,127.12801361084,POINT (967120.5453289782 1944720.3789091522)
송파구,37.5011711120605,127.104721069336,POINT (965061.7392935758 1944729.6175101756)
송파구,37.5011749267578,127.132392883301,POINT (967507.6306066191 1944720.1276344354)
송파구,37.5011940002441,127.147048950195,POINT (968803.0757775654 1944717.2846718815)
송파구,37.5011983770549,127.154036074406,POINT (969420.6631576208 1944715.477095217)
송파구,37.5013465958974,127.106712815366,POINT (965237.8695691918 1944748.3487366375)
송파구,37.5013975232859,127.112376904898,POINT (965738.5361809096 1944751.9217541183)
송파구,37.5014918828,127.101469320883,POINT (964774.4703895658 1944766.4170170983)
송파구,37.5014963716267,127.135512503889,POINT (967783.5093644843 1944754.7173167372)
송파구,37.501505,127.1059,POINT (965166.0991958211 1944766.223153004)
송파구,37.5015068054199,127.109939575195,POINT (965523.1533953925 1944764.9359616311)
송파구,37.5015487670898,127.083518981934,POINT (963187.8876046012 1944779.597862536)
송파구,37.5015983332523,127.148590226437,POINT (968939.475295505 1944761.6328912214)
송파구,37.5016250610352,127.097465515137,POINT (964420.6416792847 1944782.6983651828)
송파구,37.5016403198242,127.098747253418,POINT (964533.9401115812 1944783.9074388938)
송파구,37.5016798324565,127.140476583341,POINT (968222.3560009584 1944773.3833530599)
송파구,37.5017013549805,127.150009155273,POINT (969064.9349653595 1944772.5951064923)
송파구,37.5017443831679,127.143183858771,POINT (968461.675289438 1944779.6341413474)
송파구,37.5017471313477,127.111793518066,POINT (965687.1312175158 1944790.9209769182)
송파구,37.5044097900391,127.102378845215,POINT (964856.2299588681 1945089.7995194006)
송파구,37.501793335697,127.093863784664,POINT (964102.3698473551 1944802.7350501842)
송파구,37.5018466586292,127.102977861728,POINT (964907.9746556424 1944805.213483331)
송파구,37.501895904541,127.090538024902,POINT (963808.4602886382 1944815.388133913)
송파구,37.5019340515137,127.095199584961,POINT (964220.506431862 1944817.837862301)
송파구,37.5019784090938,127.136217710639,POINT (967846.0484409039 1944807.9549556489)
송파구,37.5020243552698,127.147898914424,POINT (968878.5480037857 1944809.125526681)
송파구,37.5020324523132,127.125455661948,POINT (966894.83395886 1944817.6819699286)
송파구,37.5021054996117,127.11599682029,POINT (966058.8171848748 1944829.1553515412)
송파구,37.502124786377,127.086891174316,POINT (963486.2323374322 1944842.189734797)
송파구,37.5021438598633,127.08203125,POINT (963056.6818847927 1944846.2024685526)
송파구,37.5022140409894,127.085376902389,POINT (963352.4322351667 1944852.6805359472)
송파구,37.5022146422003,127.132668319748,POINT (967532.4264201353 1944835.3820084725)
송파구,37.5042308468267,127.102980194577,POINT (964909.2967278861 1945069.722547186)
송파구,37.5022242277335,127.099841624498,POINT (964630.9455955356 1944848.2763135023)
송파구,37.5022277832031,127.144165039062,POINT (968548.6030798429 1944832.935755505)
송파구,37.5022811889648,127.108345031738,POINT (965382.5710849884 1944851.4339973684)
송파구,37.5023352921764,127.144595136805,POINT (968586.6635555098 1944844.719502114)
송파구,37.5023422241211,127.112480163574,POINT (965748.0946653513 1944856.692434955)
송파구,37.5023458091551,127.1141895149,POINT (965899.1821658576 1944856.469425699)
송파구,37.5023536682129,127.106010437012,POINT (965176.2547576232 1944860.3363894764)
송파구,37.5023602984074,127.133147655853,POINT (967574.8569402763 1944851.3763285421)
송파구,37.5023935794505,127.145453493622,POINT (968662.5561571263 1944850.8999193718)
송파구,37.502525514731,127.100949714821,POINT (964729.0292294231 1944881.2862494527)
송파구,37.5025634765625,127.141395568848,POINT (968303.9573420128 1944871.107800752)
송파구,37.5026453802466,127.090869544818,POINT (963838.1242856164 1944898.4100985501)
송파구,37.5026588439941,127.085433959961,POINT (963357.6928236309 1944902.006297536)
송파구,37.5026624216596,127.088953148474,POINT (963668.7469705818 1944901.038826513)
송파구,37.5027923583984,127.110137939453,POINT (965541.2774000355 1944907.4868717322)
송파구,37.5028350425063,127.10869317283,POINT (965413.598041322 1944912.7523729785)
송파구,37.5028457641602,127.097671508789,POINT (964439.4281529356 1944918.0494633473)
송파구,37.5030403137207,127.139579772949,POINT (968143.6662686933 1944924.622767881)
송파구,37.5028470441092,127.08751104487,POINT (963541.3727673822 1944922.0791741326)
송파구,37.5028637036552,127.123161176149,POINT (966692.3978169182 1944910.713333507)
송파구,37.502905,127.111617,POINT (965672.0591634279 1944919.4431781017)
송파구,37.5029360688326,127.115591003687,POINT (966023.3242017544 1944921.4479100115)
송파구,37.5029683021111,127.113518755163,POINT (965840.1787759103 1944925.774137539)
송파구,37.5029873587629,127.1330244742,POINT (967564.2404608493 1944920.9869134894)
송파구,37.5029874684135,127.095492962569,POINT (964246.9399245726 1944934.5960310749)
송파구,37.503093,127.114326,POINT (965911.5855002044 1944939.315835428)
송파구,37.5031338162783,127.135247507346,POINT (967760.7907192423 1944936.471531112)
송파구,37.5031433105469,127.090522766113,POINT (963807.7137262201 1944953.785502737)
송파구,37.5032580738498,127.075984224677,POINT (962522.753323371 1944972.208165378)
송파구,37.503272273236,127.075486505944,POINT (962478.7686301052 1944973.9818180425)
송파구,37.5032844543457,127.096542358398,POINT (964339.8342597105 1944967.146511225)
송파구,37.5033416748047,127.084335327148,POINT (963260.9219604316 1944978.1902337675)
송파구,37.5033569335937,127.125343322754,POINT (966885.4894785034 1944964.66383325)
송파구,37.5033572535115,127.105172178167,POINT (965102.6299773684 1944971.98804617)
송파구,37.5033607415898,127.098796277837,POINT (964539.0870041962 1944974.7584054985)
송파구,37.5035379274367,127.144802850859,POINT (968605.5265107211 1944978.0744599446)
송파구,37.5035559159431,127.110103074882,POINT (965538.5467724707 1944992.2112875523)
송파구,37.5035591125488,127.073783874512,POINT (962328.4225197406 1945006.484974829)
송파구,37.5035629272461,127.080177307129,POINT (962893.5175914501 1945004.36810729)
송파구,37.5035972595215,127.142112731934,POINT (968367.7817483036 1944985.5577647504)
송파구,37.5036223765323,127.09410733601,POINT (964124.7721699188 1945005.5622263935)
송파구,37.5036777600569,127.095458477736,POINT (964244.2211108592 1945011.1924534957)
송파구,37.5037155151367,127.137252807617,POINT (967938.2816367969 1945000.3220507542)
송파구,37.5037401176004,127.088305057585,POINT (963611.9868596762 1945020.852524122)
송파구,37.5037462945073,127.140703191157,POINT (968243.2608002671 1945002.5669056715)
송파구,37.503776550293,127.074073791504,POINT (962354.1564521624 1945030.4922680692)
송파구,37.5038261413574,127.133003234863,POINT (967562.7260705654 1945014.0515437431)
송파구,37.5038800193071,127.111125002416,POINT (965629.0198651894 1945027.7946850462)
송파구,37.503914119554,127.100050827977,POINT (964650.2334351037 1945035.6800660582)
송파구,37.5039310525209,127.091496871313,POINT (963894.1912776579 1945040.8061406892)
송파구,37.503951086652,127.082149578029,POINT (963068.0309022544 1945046.656037671)
송파구,37.5040473937988,127.113433837891,POINT (965833.1649400452 1945045.5230299886)
송파구,37.5040494758334,127.076855104546,POINT (962600.122445857 1945059.6626178315)
송파구,37.5040544972564,127.106008537371,POINT (965176.8768248911 1945049.0328286097)
송파구,37.5041073816443,127.078852175927,POINT (962776.66420146 1945065.2950973357)
송파구,37.5041580200195,127.134902954102,POINT (967730.7775648058 1945050.2181620675)
송파구,37.5042114257812,127.107414245605,POINT (965301.194155078 1945065.9237817056)
송파구,37.5042724609375,127.108695983887,POINT (965414.5095820669 1945072.2234064161)
송파구,37.5043005170148,127.110142506623,POINT (965542.3742193313 1945074.805413861)
송파구,37.504309316505,127.10048315201,POINT (964688.6309692627 1945079.3622635372)
송파구,37.5017433166504,127.107894897461,POINT (965342.5360311778 1944791.9263054146)
송파구,37.5043296813965,127.096542358398,POINT (964340.3314006409 1945083.1075879526)
송파구,37.5044059753417,127.112525939941,POINT (965753.0834229345 1945085.635287887)
송파구,37.5044098468238,127.111814330132,POINT (965690.1892704212 1945086.3240052997)
송파구,37.5044136047363,127.080581665039,POINT (962929.6779853452 1945098.5858813953)
송파구,37.504438,127.109722,POINT (965505.270770079 1945090.2122954193)
송파구,37.5044784545898,127.103858947754,POINT (964987.0815249775 1945096.8656930716)
송파구,37.5045378313205,127.093127816916,POINT (964038.6351235545 1945107.4997916867)
송파구,37.5045583571595,127.098782192785,POINT (964538.4085341768 1945107.6312888837)
송파구,37.5045801211435,127.138067366736,POINT (968010.6462944204 1945095.9670950759)
송파구,37.5046005249023,127.089019775391,POINT (963675.5749631093 1945116.0329797422)
송파구,37.5008087158203,127.093063354492,POINT (964031.1486660563 1944693.8035859715)
송파구,37.504638671875,127.114540100098,POINT (965931.2115270209 1945110.7203540914)
송파구,37.5046693815061,127.085020019879,POINT (963322.089255344 1945125.2235577307)
송파구,37.5047416687012,127.097686767578,POINT (964441.676026052 1945128.381847)
송파구,37.5047690321217,127.077801784338,POINT (962684.1537638048 1945139.1169153382)
송파구,37.504823,127.095664,POINT (964262.9323677397 1945138.1712503762)
송파구,37.5049362182617,127.08309173584,POINT (963151.788676667 1945155.5806539669)
송파구,37.5049781799316,127.130172729492,POINT (967313.0511807482 1945142.8419147732)
송파구,37.5050081368372,127.087839975953,POINT (963571.4961574988 1945161.7109139587)
송파구,37.505012512207,127.090087890625,POINT (963770.179680995 1945161.328534721)
송파구,37.5050258481745,127.099818615731,POINT (964630.2336031267 1945159.1063069631)
송파구,37.5050277709961,127.091506958008,POINT (963895.61095106 1945162.4760165566)
송파구,37.5050303522329,127.117274396027,POINT (966173.0593395724 1945153.188331721)
송파구,37.5051244166639,127.077623584697,POINT (962668.5805369499 1945178.6152046267)
송파구,37.5051422119141,127.10245513916,POINT (964863.3164957211 1945171.0284254432)
송파구,37.500129699707,127.09497833252,POINT (964200.0888136055 1944617.7411015106)
송파구,37.5053139689777,127.093378472706,POINT (964061.1614710359 1945193.511438112)
송파구,37.5053674547471,127.104945507464,POINT (965083.531518334 1945195.0907099291)
송파구,37.5053974159915,127.081091012341,POINT (962975.1827591513 1945207.532835868)
송파구,37.5054779052734,127.089164733887,POINT (963688.8121065942 1945213.3166702914)
송파구,37.505538,127.101386,POINT (964769.0070861605 1945215.338245136)
송파구,37.5055541992188,127.083320617676,POINT (963172.321940016 1945224.0520321957)
송파구,37.505558013916,127.110527038574,POINT (965576.9386681516 1945214.1756737563)
송파구,37.505579233532,127.102632703869,POINT (964879.2152056324 1945219.4468237443)
송파구,37.5056431730714,127.112297357548,POINT (965733.4455585068 1945222.9774194998)
송파구,37.5057106018066,127.094764709473,POINT (964183.8726501196 1945236.9867586487)
송파구,37.505775310261,127.130291653583,POINT (967323.9096842273 1945231.2369207132)
송파구,37.5057910698634,127.111839996537,POINT (965693.0898650858 1945239.5522327484)
송파구,37.5057983398438,127.109664916992,POINT (965500.8514581865 1945241.1539630003)
송파구,37.5058212280273,127.111320495605,POINT (965647.188229401 1945243.0875997278)
송파구,37.5059051513672,127.132904052734,POINT (967554.8594928539 1945244.7380249659)
송파구,37.5059362065473,127.107285806774,POINT (965290.6405394489 1945257.3242208539)
송파구,37.5059887422568,127.105879518062,POINT (965166.3720619748 1945263.672337883)
송파구,37.506063,127.091871,POINT (963928.2848121986 1945277.188321546)
송파구,37.5060806274414,127.098754882812,POINT (964536.7148259585 1945276.5275016369)
송파구,37.506160736084,127.084762573242,POINT (963300.0648597974 1945290.7800327237)
송파구,37.5061742953458,127.113366694094,POINT (965828.1998395538 1945281.5130945633)
송파구,37.5062294006348,127.093856811523,POINT (964103.8774803627 1945294.8900404247)
송파구,37.5062324569708,127.088798373938,POINT (963656.7974647906 1945297.170701824)
송파구,37.5063362121582,127.105285644531,POINT (965114.0450983483 1945302.4418407015)
송파구,37.5063362121582,127.116325378418,POINT (966089.7714148914 1945298.4064228188)
송파구,37.4976119995117,127.140342712402,POINT (968208.7987784407 1944322.1301316062)
송파구,37.5063591003417,127.09098815918,POINT (963850.3990192324 1945310.3775048554)
송파구,37.506387652157,127.085503116987,POINT (963365.6275337688 1945315.6663486355)
송파구,37.5064697265625,127.122291564941,POINT (966617.1410142514 1945311.0857574337)
송파구,37.5065373350068,127.112314701741,POINT (965735.3871915085 1945322.1724873534)
송파구,37.506589071382,127.112860816112,POINT (965783.6779743183 1945327.7135875865)
송파구,37.5068016052246,127.081420898438,POINT (963005.0324634786 1945363.1888067066)
송파구,37.5068357056509,127.133044565198,POINT (967567.6810661043 1945347.9284040802)
송파구,37.5068370842633,127.092626031117,POINT (963995.3888875125 1945362.7787857705)
송파구,37.5068550109863,127.089431762695,POINT (963713.0798092792 1945365.9945990688)
송파구,37.5068677107536,127.103650476946,POINT (964969.7721869351 1945362.0155792807)
송파구,37.5068847330852,127.113412307493,POINT (965832.5550990717 1945360.3149277675)
송파구,37.5069618225098,127.106307983398,POINT (965204.6930039579 1945371.4707013404)
송파구,37.506965637207,127.108192443848,POINT (965371.2479212527 1945371.198782363)
송파구,37.5069663750326,127.12033287942,POINT (966444.2489125965 1945366.8822710696)
송파구,37.5069667377818,127.101775393123,POINT (964804.0940215084 1945373.7016478449)
송파구,37.5069770812988,127.102874755859,POINT (964901.2632005236 1945374.4385779179)
송파구,37.5070571899414,127.081970214844,POINT (963053.7084783602 1945391.3284659337)
송파구,37.5071239682913,127.116827430122,POINT (966134.5001766861 1945385.6219832385)
송파구,37.507152,127.082524,POINT (963102.6999868938 1945401.6297456317)
송파구,37.507191582109,127.134858986335,POINT (967728.1973193048 1945386.7867418628)
송파구,37.5072212219238,127.128768920898,POINT (967189.9576844261 1945392.1810670514)
송파구,37.507251,127.114384,POINT (965918.6022104817 1945400.5974684446)
송파구,37.4963302612305,127.153350830078,POINT (969358.1058819436 1944175.6158599365)
송파구,37.5073051452637,127.080894470215,POINT (962958.754136388 1945419.260414929)
송파구,37.5073318481445,127.104682922363,POINT (965061.2386433331 1945413.1247543697)
송파구,37.5074368245222,127.086034297575,POINT (963413.086997392 1945431.8585760668)
송파구,37.5075607299805,127.115898132324,POINT (966052.5645851942 1945434.41266721)
송파구,37.507622,127.12356,POINT (966729.7604342696 1945438.473671321)
송파구,37.5076522827148,127.12134552002,POINT (966534.0546917485 1945442.618594717)
송파구,37.5076641418505,127.111031385903,POINT (965622.4807529117 1945447.6523718229)
송파구,37.5076879797412,127.086526600886,POINT (963456.7201368144 1945459.5313280728)
송파구,37.507697,127.087775,POINT (963567.0600447011 1945460.0479900811)
송파구,37.5077476501465,127.081817626953,POINT (963040.562816478 1945467.9904947812)
송파구,37.5077667236328,127.084785461426,POINT (963302.8739678884 1945468.945041054)
송파구,37.5078080285941,127.13190405911,POINT (967467.3022616983 1945456.1948814287)
송파구,37.5078239440917,127.120826721191,POINT (966488.2791825504 1945461.8479276067)
송파구,37.5079574584961,127.119407653809,POINT (966362.9199900349 1945477.1667894118)
송파구,37.508024,127.105186,POINT (965106.0238240543 1945489.7278173293)
송파구,37.5081374525808,127.114920146658,POINT (965966.3904031665 1945498.749522916)
송파구,37.5081634521484,127.107162475586,POINT (965280.7716172315 1945504.4680416274)
송파구,37.5082054138184,127.079750061035,POINT (962858.0549282747 1945519.5905129644)
송파구,37.5083481527698,127.081169621481,POINT (962983.587613147 1945534.8671112868)
송파구,37.5083586602188,127.10940334498,POINT (965478.911768595 1945525.300660946)
송파구,37.4953714601148,127.153336306133,POINT (969356.4302750551 1944069.248224882)
송파구,37.508526,127.134181,POINT (967668.8510158468 1945535.0643026321)
송파구,37.5085296630859,127.112251281738,POINT (965730.6927384227 1945543.2313271733)
송파구,37.508538,127.082119,POINT (963067.5880268316 1945555.5563988585)
송파구,37.508602142334,127.108459472656,POINT (965395.60401573 1945552.6601008524)
송파구,37.5086250305176,127.087074279785,POINT (963505.5810745655 1945563.2785185373)
송파구,37.5088121883258,127.122165570819,POINT (966607.0487567851 1945571.0111707777)
송파구,37.5088127253517,127.130610146832,POINT (967353.3821074368 1945568.1074788559)
송파구,37.5088233947754,127.129783630371,POINT (967280.3391027717 1945569.5782555542)
송파구,37.5088793651044,127.118702873286,POINT (966301.0450835384 1945579.6984471462)
송파구,37.5088866510817,127.073928028345,POINT (962343.8398956935 1945597.483373873)
송파구,37.5090179443359,127.110870361328,POINT (965608.8702528686 1945597.906752587)
송파구,37.5090738062311,127.084083811573,POINT (963241.5020368248 1945614.2313038746)
송파구,37.5090789794922,127.11580657959,POINT (966045.1607149331 1945602.8855382814)
송파구,37.5090866114589,127.105987027288,POINT (965177.3131777137 1945607.3209037224)
송파구,37.5092790375142,127.107444821256,POINT (965306.2419323904 1945628.1308334023)
송파구,37.5093180777268,127.080564717792,POINT (962930.6053612193 1945642.712191081)
송파구,37.509391334719,127.074186369777,POINT (962366.925547401 1945653.3714481506)
송파구,37.5094210564202,127.112747707491,POINT (965774.9741089271 1945641.9449240183)
송파구,37.5094375610352,127.110107421875,POINT (965541.6345775008 1945644.7396078173)
송파구,37.5095634460449,127.107650756836,POINT (965324.574017742 1945659.6082017922)
송파구,37.5095901489258,127.124862670898,POINT (966845.7630469089 1945656.367078273)
송파구,37.5096435546875,127.08226776123,POINT (963081.2801426719 1945678.1522207207)
송파구,37.5096435546875,127.127578735352,POINT (967085.830262332 1945661.3385740959)
송파구,37.5098009658825,127.118655518505,POINT (966297.274229476 1945681.9609858661)
송파구,37.509871,127.130932,POINT (967382.2880427514 1945685.4044706505)
송파구,37.5098876953125,127.083877563477,POINT (963223.6731469405 1945704.6076656466)
송파구,37.5099449157715,127.125198364258,POINT (966875.5881522736 1945695.6079081567)
송파구,37.5100326538086,127.114418029785,POINT (965922.874388305 1945709.19144445)
송파구,37.510075,127.126499,POINT (966990.5941190544 1945709.5828333723)
송파구,37.5101203918457,127.071090698242,POINT (962093.6998843579 1945735.4982876678)
송파구,37.5101239530928,127.117555294781,POINT (966200.1831627912 1945718.1889497289)
송파구,37.5101585388184,127.108917236328,POINT (965436.7790382253 1945725.1639212363)
송파구,37.5102386474609,127.111145019531,POINT (965633.7042000091 1945733.2354703434)
송파구,37.5104295282808,127.11513744195,POINT (965986.6352406042 1945752.9617868834)
송파구,37.510558092927,127.12042382449,POINT (966453.8942395182 1945765.3273936282)
송파구,37.510606596763,127.116734344178,POINT (966127.8467563934 1945772.0303298708)
송파구,37.510630303499,127.073552542377,POINT (962311.5310686636 1945791.0808285654)
송파구,37.5106964111328,127.107925415039,POINT (965349.3718719283 1945785.202147574)
송파구,37.5107118278271,127.081581552705,POINT (963021.1605213592 1945796.9397517166)
송파구,37.5107803344727,127.122016906738,POINT (966594.7869174109 1945789.4168753028)
송파구,37.4882894833543,127.145033091886,POINT (968619.4969262703 1943286.2876851202)
송파구,37.5107817777412,127.082958187394,POINT (963142.8592192796 1945804.1601194185)
송파구,37.5107919800191,127.085676706897,POINT (963383.1214401604 1945804.2306021308)
송파구,37.510843,127.12479,POINT (966839.8946984066 1945795.3883132718)
송파구,37.5109252929687,127.119422912598,POINT (966365.6002856651 1945806.4231568438)
송파구,37.5110359191895,127.109169006348,POINT (965459.4344393138 1945822.4111329508)
송파구,37.5110919316184,127.111956736879,POINT (965705.8329915234 1945827.605653029)
송파구,37.5112127559694,127.115185526455,POINT (965991.2402361308 1945839.8384266635)
송파구,37.5112833029687,127.119589942899,POINT (966380.522619298 1945846.0823424151)
송파구,37.511295,127.123441,POINT (966720.8737470066 1945846.0110279717)
송파구,37.5113372802734,127.079071044922,POINT (962799.5971195532 1945867.3193087282)
송파구,37.511474609375,127.125610351562,POINT (966912.6743666099 1945865.1724605213)
송파구,37.5115547180176,127.082214355469,POINT (963077.5016133524 1945890.2045382168)
송파구,37.5115661621094,127.110527038574,POINT (965579.6975652872 1945880.7404983642)
송파구,37.5116325876447,127.126764595052,POINT (967014.7525095808 1945882.2938576373)
송파구,37.5116946809583,127.124237060547,POINT (966791.4044750005 1945890.071768325)
송파구,37.5361385187053,127.117310818081,POINT (966190.3181769173 1948604.4295478323)
송파구,37.511757867299,127.117533781627,POINT (966199.0186822984 1945899.4688275233)
송파구,37.511791229248,127.122535705566,POINT (966641.0871612557 1945901.3850049425)
송파구,37.5118522644042,127.116065979004,POINT (966069.3418215063 1945910.4698713978)
송파구,37.5119514465332,127.092330932617,POINT (963971.7655649972 1945930.2972527184)
송파구,37.5119895935059,127.092765808105,POINT (964010.216685075 1945934.3629865323)
송파구,37.5120560533056,127.121315976022,POINT (966533.4097647648 1945931.198649746)
송파구,37.5122557146486,127.117324442973,POINT (966180.7426527778 1945954.7769842003)
송파구,37.5123152405305,127.112260927089,POINT (965733.2758436063 1945963.213031594)
송파구,37.5124582422113,127.120298162471,POINT (966443.6391655762 1945976.181403578)
송파구,37.5125732421875,127.123542785645,POINT (966730.4366699001 1945987.78768455)
송파구,37.5127563476562,127.117050170898,POINT (966156.7296022964 1946010.4175921832)
송파구,37.5129155141846,127.118778562467,POINT (966309.5487011962 1946027.4558019172)
송파구,37.5130004882812,127.106163024902,POINT (965194.6852957342 1946041.4751137774)
송파구,37.5358734130859,127.113212585449,POINT (965828.1266463229 1948576.4989875834)
송파구,37.5130195617676,127.115180969238,POINT (965991.6573054054 1946040.29347507)
송파구,37.5130380624242,127.11936993897,POINT (966361.8668120636 1946040.8401461595)
송파구,37.5133209228516,127.106735229492,POINT (965245.4026326054 1946076.8137537632)
송파구,37.5133501022437,127.112222447991,POINT (965730.348390061 1946078.0382749292)
송파구,37.513365,127.113337,POINT (965828.8535622536 1946079.2857162722)
송파구,37.5137773198848,127.110354143079,POINT (965565.4334786427 1946126.1174539772)
송파구,37.513787,127.116718,POINT (966127.8396110894 1946124.8813425992)
송파구,37.5139694213867,127.110847473145,POINT (965609.1193592325 1946147.2494433434)
송파구,37.5141171429415,127.111634475582,POINT (965678.737667713 1946163.350823953)
송파구,37.5143601666156,127.112280879144,POINT (965735.9740165828 1946190.0771373424)
송파구,37.5144004821777,127.091407775879,POINT (963891.3600512579 1946202.3560329536)
송파구,37.5144266484654,127.119197026955,POINT (966347.2091835636 1946194.9566298067)
송파구,37.514479,127.110459,POINT (965575.0224461005 1946203.925985065)
송파구,37.51471512116,127.109191293989,POINT (965463.0995918026 1946230.5867090868)
송파구,37.5147171020508,127.116806030273,POINT (966136.0394929159 1946228.0384853664)
송파구,37.5147606797194,127.118459165677,POINT (966282.1520251882 1946232.2794206862)
송파구,37.5149002075195,127.117942810059,POINT (966236.5828943882 1946247.9443066337)
송파구,37.5153010796056,127.133988384245,POINT (967654.7514171735 1946286.7812549896)
송파구,37.5153264975425,127.1390196859,POINT (968099.3909357343 1946287.8833864108)
송파구,37.5153828861775,127.112894649273,POINT (965790.6819739714 1946303.3179653655)
송파구,37.5353889465332,127.113708496094,POINT (965871.7187228081 1948522.5702589767)
송파구,37.5153871411794,127.110947365528,POINT (965618.597657269 1946304.4998525924)
송파구,37.5157407748916,127.108820577098,POINT (965430.8112391174 1946344.5125775635)
송파구,37.5160983098411,127.114497041876,POINT (965932.6145757923 1946382.1082063874)
송파구,37.5162925720215,127.079483032227,POINT (962838.4645650309 1946416.9148164585)
송파구,37.5164833068848,127.104957580566,POINT (965089.7761830454 1946428.3181744209)
송파구,37.5166053771973,127.132064819336,POINT (967485.3270604674 1946432.1476867362)
송파구,37.5167274475098,127.104797363281,POINT (965075.7313689501 1946455.4634877113)
송파구,37.516933,127.112345,POINT (965742.8167141075 1946475.4931836557)
송파구,37.5171642010909,127.090610795049,POINT (963822.2621181268 1946509.2793414716)
송파구,37.5105232405568,127.101765549992,POINT (964804.8939284007 1945768.2762181787)
송파구,37.5195732116699,127.109573364258,POINT (965499.1010890211 1946769.420755844)
송파구,37.5199432373047,127.104034423828,POINT (965009.8113416062 1946812.5185242528)
송파구,37.521539508751,127.100058268444,POINT (964659.2028655496 1946991.1011734426)
송파구,37.5230539585166,127.115086778583,POINT (965987.8879451008 1947153.5799711698)
송파구,37.5230937550499,127.111664655588,POINT (965685.515693144 1947159.2379897225)
송파구,37.523325,127.114465,POINT (965933.0687107195 1947183.8753241498)
송파구,37.5233397163262,127.107236771549,POINT (965294.3668288401 1947188.1502983465)
송파구,37.5248260498047,127.11548614502,POINT (966023.9809783688 1947350.0380887592)
송파구,37.5260857664787,127.112454080321,POINT (965756.6395384686 1947490.8953283401)
송파구,37.5262223908318,127.115766173297,POINT (966049.3574562509 1947504.8523203048)
송파구,37.5272205680632,127.116291743402,POINT (966096.2484172133 1947615.4043172654)
송파구,37.5279790711018,127.114624291368,POINT (965949.2596481006 1947700.1578833584)
송파구,37.528232964261,127.110653278231,POINT (965598.5070219929 1947729.7707682706)
송파구,37.5289001805966,127.117161655599,POINT (966173.8710130001 1947801.4337329268)
송파구,37.5289063637467,127.115809970074,POINT (966054.4435965681 1947802.6066963305)
송파구,37.529085978309,127.109242391476,POINT (965474.2380245399 1947824.9244064821)
송파구,37.52927,127.117149,POINT (966172.9198178004 1947842.467467284)
송파구,37.5298835474593,127.114763855934,POINT (965962.4566499414 1947911.3972872535)
송파구,37.5301284790039,127.112747192383,POINT (965784.3855014392 1947939.3026765857)
송파구,37.53022,127.115644,POINT (966040.3746335253 1947948.4064717595)
송파구,37.5308971744701,127.11967786773,POINT (966397.0906237109 1948022.0859434025)
송파구,37.5310536757974,127.119347628306,POINT (966367.9828733627 1948039.5668459425)
송파구,37.5311042999025,127.113341212272,POINT (965837.3152483772 1948047.3480950596)
송파구,37.5312347412109,127.116889953613,POINT (966150.919391447 1948060.5366352058)
송파구,37.5314292907715,127.113883972168,POINT (965885.4182367201 1948083.206832288)
송파구,37.5316751986762,127.112176597118,POINT (965734.6781103633 1948111.1094988335)
송파구,37.5316848754883,127.11060333252,POINT (965595.679511283 1948112.757439599)
송파구,37.5318794250488,127.119102478027,POINT (966346.6938976948 1948131.266358809)
송파구,37.532529,127.11807,POINT (966255.764036134 1948203.7026818006)
송파구,37.5329050934821,127.113692134619,POINT (965869.1412445589 1948247.0077494397)
송파구,37.5329475402832,127.115043640137,POINT (965988.5684568128 1948251.2273400875)
송파구,37.533052,127.112772,POINT (965787.9128050201 1948263.640463152)
송파구,37.5332374572754,127.116165161133,POINT (966087.7880624016 1948282.98686364)
송파구,37.533281,127.111046,POINT (965635.5229714159 1948289.6759071806)
송파구,37.5336570739746,127.116500854492,POINT (966117.6368767509 1948329.4197889795)
송파구,37.5337501428604,127.117625757217,POINT (966217.0650255263 1948339.3405318179)
송파구,37.5038108825684,127.102813720703,POINT (964894.3861843849 1945023.1923660042)
송파구,37.5337589649666,127.112805877441,POINT (965791.2288491377 1948342.061611894)
송파구,37.5337753295898,127.120468139648,POINT (966468.2030182882 1948341.1175941897)
송파구,37.5339698791504,127.114234924316,POINT (965917.582250869 1948364.9424039875)
송파구,37.534437,127.119012,POINT (966339.8493733894 1948415.0460904802)
송파구,37.5345617466354,127.121302343559,POINT (966542.2568904848 1948428.06867086)
송파구,37.534824,127.115244,POINT (966007.1223136095 1948459.3367175336)
송파구,37.5349352309535,127.112218487363,POINT (965739.8705754519 1948472.7750324686)
송파구,37.5353506596733,127.12149323523,POINT (966559.474410657 1948515.5258874067)
송파구,37.5027351379395,127.102645874023,POINT (964879.0469556057 1944903.9082240183)
송파구,37.5362979112062,127.122090116143,POINT (966612.6304958273 1948620.4056290346)
송파구,37.5363121032715,127.11890411377,POINT (966331.1606581864 1948623.116068487)
송파구,37.536623,127.116906,POINT (966154.772286472 1948658.3254469093)
송파구,37.5366706848145,127.116172790527,POINT (966090.0167279114 1948663.879930613)
송파구,37.5366756004282,127.118178963608,POINT (966267.2590041283 1948663.7037586463)
송파구,37.5372180391809,127.11913563521,POINT (966352.0221256732 1948723.5413303697)
송파구,37.5373338935296,127.118126968103,POINT (966262.9619174124 1948736.7560680283)
송파구,37.5014266967773,127.102310180664,POINT (964848.762478611 1944758.870668675)
송파구,37.5373836248212,127.120083440948,POINT (966435.8318451324 1948741.573342722)
송파구,37.5377213942371,127.117211344443,POINT (966182.2447167411 1948780.075829871)
송파구,37.5377720590026,127.118911774539,POINT (966332.4938654446 1948785.0866223562)
송파구,37.5380104082344,127.117448704721,POINT (966203.3450142806 1948812.0548641202)
송파구,37.538122,127.122235,POINT (966626.2436221926 1948822.7258525041)
송파구,37.5381769393031,127.122625869182,POINT (966660.7996618085 1948828.6823875813)
송파구,37.5381858207683,127.116008269454,POINT (966076.1681285481 1948832.034504975)
송파구,37.538307,127.121113,POINT (966527.202535346 1948843.6492875668)
송파구,37.5383567810059,127.119087219238,POINT (966348.2564855365 1948849.8952187635)
송파구,37.538362681533,127.119776903427,POINT (966409.1895221242 1948850.3032566924)
송파구,37.5384264868778,127.120511828697,POINT (966474.1453116026 1948857.1198028908)
송파구,37.5384292261515,127.11821816321,POINT (966271.512058141 1948858.2439326495)
송파구,37.5388107299805,127.117584228516,POINT (966215.6790563243 1948900.7970674562)
송파구,37.5399360656738,127.119445800781,POINT (966380.6445816844 1949024.9791385722)
송파구,37.4733472639475,127.140654369443,POINT (968226.0723631552 1941630.0238039696)
송파구,37.4755821228027,127.142181396484,POINT (968362.0371341677 1941877.4510265803)
송파구,37.4771537780762,127.127571105957,POINT (967070.8947865528 1942056.823699308)
송파구,37.4782817491412,127.14199835062,POINT (968346.9909959834 1942177.0165791651)
송파구,37.4783782958984,127.144142150879,POINT (968536.5779714475 1942187.0092673218)
송파구,37.4786338806152,127.123565673828,POINT (966717.400959277 1942222.4387009165)
송파구,37.4804324359203,127.122597212448,POINT (966632.5734703043 1942422.3183713295)
송파구,37.4814720153809,127.122032165527,POINT (966583.0785885666 1942537.8527360382)
송파구,37.4816246032715,127.141845703125,POINT (968334.9051455391 1942547.9336091804)
송파구,37.481942,127.130779,POINT (967356.6116985742 1942586.9257924303)
송파구,37.4851837158203,127.115425109863,POINT (966000.614769548 1942952.0052475824)
송파구,37.485873,127.119489,POINT (966360.2044476048 1943027.0166919623)
송파구,37.4902113365285,127.143037232401,POINT (968443.862795989 1943500.1710005393)
송파구,37.4902381896973,127.111434936523,POINT (965650.165734006 1943514.2125674793)
송파구,37.4906158447266,127.127265930176,POINT (967049.8245582952 1943550.451897471)
송파구,37.4908599853516,127.113426208496,POINT (965826.4816574466 1943582.4717885212)
송파구,37.4911956787109,127.11449432373,POINT (965921.0570258863 1943619.3274476524)
송파구,37.4917297363281,127.116516113281,POINT (966100.0265570774 1943677.8474643712)
송파구,37.4925446797099,127.127897910809,POINT (967106.5385446742 1943764.221801322)
송파구,37.4930572509766,127.146095275879,POINT (968715.3871416531 1943814.8846965958)
송파구,37.4933057453517,127.134080763348,POINT (967653.4268574279 1943846.5142199844)
송파구,37.4937896728516,127.143249511719,POINT (968464.1332415547 1943897.0914240396)
송파구,37.4941673278809,127.119644165039,POINT (966377.6401123968 1943947.1596595023)
송파구,37.4943428039551,127.12247467041,POINT (966627.9276625005 1943965.62025523)
송파구,37.4957698915505,127.120798402183,POINT (966480.3879949523 1944124.541513842)
송파구,37.4963989257812,127.131484985352,POINT (967425.3076426217 1944190.5765437097)
송파구,37.4972305297852,127.147552490234,POINT (968845.9366124504 1944277.3978776534)
송파구,37.497444152832,127.121337890625,POINT (966528.8236434651 1944310.0974548797)
송파구,37.497501373291,127.119483947754,POINT (966364.9726344291 1944317.1065788127)
송파구,37.4975128173828,127.135604858398,POINT (967789.9613895232 1944312.7373742703)
송파구,37.4986763000488,127.145690917969,POINT (968681.9890050396 1944438.413991413)
송파구,37.4990463256836,127.091415405273,POINT (963884.6380972274 1944498.909159618)
송파구,37.4991264343262,127.12247467041,POINT (966630.0563063873 1944496.3315662127)
송파구,37.4993836895969,127.104589790468,POINT (965049.3025280854 1944531.3636388413)
송파구,37.4994426699218,127.152792143396,POINT (969309.9946547056 1944521.098261395)
송파구,37.4997698540742,127.105393704368,POINT (965120.5411869421 1944573.9077791471)
송파구,37.4997863769531,127.089248657227,POINT (963693.4736790166 1944581.8465791692)
송파구,37.5001754760742,127.10425567627,POINT (965020.1390855077 1944619.3311927167)
송파구,37.500358581543,127.124877929688,POINT (966843.0290788154 1944632.1806268557)
송파구,37.5004997253417,127.105499267578,POINT (965130.2114260267 1944654.8430134968)
송파구,37.5005111694336,127.136833190918,POINT (967899.8215073447 1944644.9645190618)
송파구,37.5005531311035,127.096725463867,POINT (964354.7199091449 1944664.0548670748)
송파구,37.5009552160149,127.109578870013,POINT (965491.0172252493 1944703.8729906918)
송파구,37.5014228820801,127.108535766602,POINT (965399.0336613152 1944756.140411599)
송파구,37.5022125244141,127.140411376953,POINT (968216.818307367 1944832.5039490492)
송파구,37.5023498535156,127.096603393555,POINT (964344.7845139005 1944863.435578887)
송파구,37.5027275085449,127.098678588867,POINT (964528.3852826401 1944904.5497240962)
송파구,37.503044128418,127.093208312988,POINT (964045.0334733278 1944941.7524900434)
송파구,37.5033165008847,127.086909160605,POINT (963488.4024471142 1944974.3956717462)
송파구,37.5035018920898,127.113594055176,POINT (965847.0773870558 1944984.9450744262)
송파구,37.5038948059082,127.089210510254,POINT (963692.0913462563 1945037.6644627277)
송파구,37.5040435791016,127.097236633301,POINT (964401.5594183449 1945051.103563986)
송파구,37.5046615600586,127.135177612305,POINT (967755.2699723055 1945105.988418499)
송파구,37.5048828125,127.08570098877,POINT (963382.381053904 1945148.6371479477)
송파구,37.50537109375,127.084991455078,POINT (963319.907870855 1945203.0851013989)
송파구,37.5061950683594,127.081176757813,POINT (962983.1551697305 1945295.9934692997)
송파구,37.5062230788035,127.121032560894,POINT (966505.7563236582 1945284.1691910888)
송파구,37.5063705444336,127.089897155762,POINT (963753.9782144827 1945312.0668198331)
송파구,37.5064659118652,127.097076416016,POINT (964388.5491190804 1945319.9061542717)
송파구,37.5069694519042,127.109436035156,POINT (965481.1612630547 1945371.1650922839)
송파구,37.5071830749512,127.11775970459,POINT (966216.9232731585 1945391.8443773566)
송파구,37.5072784423828,127.091690063477,POINT (963912.8780984808 1945412.1031296172)
송파구,37.5077590942383,127.127868652344,POINT (967110.6260901886 1945452.1687214721)
송파구,37.5087195169652,127.133420768959,POINT (967601.745058635 1945556.795209493)
송파구,37.5092430114746,127.124778747559,POINT (966838.1923912553 1945617.8840282368)
송파구,37.5093117672702,127.086733625399,POINT (963475.8084807621 1945639.5997135555)
송파구,37.5093460083008,127.126754760742,POINT (967012.877109621 1945628.6162946746)
송파구,37.509559,127.123483,POINT (966723.814919372 1945653.3983209205)
송파구,37.5097846984863,127.097717285156,POINT (964446.7651420349 1945687.8616562048)
송파구,37.5098304748535,127.118057250977,POINT (966244.4132133084 1945685.4492656877)
송파구,37.5100529982775,127.1266793913,POINT (967006.5271809092 1945707.0786190198)
송파구,37.5101127624512,127.093223571777,POINT (964049.7720768588 1945725.9656339698)
송파구,37.5102393787055,127.078861976944,POINT (962780.5750830929 1945745.5968039315)
송파구,37.510383605957,127.086166381836,POINT (963426.1986481253 1945758.7336682158)
송파구,37.5104598999023,127.07160949707,POINT (962139.7221817082 1945772.9556760916)
송파구,37.5106086730957,127.12109375,POINT (966513.1236019917 1945770.7003049494)
송파구,37.5109901428223,127.101989746094,POINT (964824.9270909288 1945819.992174942)
송파구,37.5112075805664,127.109725952148,POINT (965508.7349647314 1945841.2515478765)
송파구,37.5113868713379,127.110038757324,POINT (965536.4623090805 1945861.028080208)
송파구,37.5114326477051,127.084770202637,POINT (963303.3201111888 1945875.6617453266)
송파구,37.5116882324219,127.121932983398,POINT (966587.7746667212 1945890.1720347798)
송파구,37.5119166076079,127.113072836288,POINT (965804.8473304118 1945918.6919087723)
송파구,37.5119285583496,127.095237731934,POINT (964228.647577656 1945926.6488861379)
송파구,37.5121879577637,127.1005859375,POINT (964701.4258559479 1945953.407748125)
송파구,37.512580871582,127.08519744873,POINT (963341.6405173466 1946002.883323115)
송파구,37.5127258300781,127.113899230957,POINT (965878.2496436496 1946008.1698954578)
송파구,37.5127730767301,127.098282741675,POINT (964498.1551560985 1946019.1894933677)
송파구,37.5130500793457,127.106109619141,POINT (965189.9885784832 1946046.9966807584)
송파구,37.5134201049805,127.10139465332,POINT (964773.4762559092 1946089.8034894466)
송파구,37.514087677002,127.102005004883,POINT (964827.7292484271 1946163.6379918626)
송파구,37.5142059326172,127.103546142578,POINT (964963.9810639919 1946176.1826893676)
송파구,37.5144577026367,127.10693359375,POINT (965263.4599381265 1946202.8589244178)
송파구,37.5148048400879,127.105392456055,POINT (965127.4256190213 1946241.9417089485)
송파구,37.5152931213379,127.115501403809,POINT (966021.0065882205 1946292.4144963224)
송파구,37.5162930541049,127.08447125946,POINT (963279.2818202192 1946415.0096744762)
송파구,37.5169105529785,127.100273132324,POINT (964676.0072845421 1946477.4669559824)
송파구,37.5200119018555,127.112518310547,POINT (965759.5391771586 1946817.014705515)
송파구,37.5202941894531,127.10481262207,POINT (965078.7420335395 1946851.1652962614)
송파구,37.5208969116211,127.104911804199,POINT (965087.7872638305 1946917.996721149)
송파구,37.5216751098633,127.104515075684,POINT (965053.0929230233 1947004.480246996)
송파구,37.5247,127.114859,POINT (965968.5083571854 1947336.2803601897)
송파구,37.5248184383714,127.107279620014,POINT (965298.8379753121 1947352.1894957821)
송파구,37.52486,127.11099,POINT (965626.711216954 1947355.438164375)
송파구,37.5248603820801,127.110992431641,POINT (965626.9262551998 1947355.4796652026)
송파구,37.52534,127.1061,POINT (965194.8474656165 1947410.4893524772)
송파구,37.5265274047852,127.115058898926,POINT (965987.0014104751 1947538.947245931)
송파구,37.5268249511719,127.107276916504,POINT (965299.5285217591 1947574.800662696)
송파구,37.526955,127.113204,POINT (965823.298887757 1947587.0586506082)
송파구,37.5280227661133,127.11759185791,POINT (966211.4864138663 1947703.9353851436)
송파구,37.528548,127.108631,POINT (965419.9693741496 1947765.463623517)
송파구,37.5290200469674,127.117010128061,POINT (966160.53671928 1947814.786673985)
송파구,37.530069,127.113899,POINT (965886.1264568605 1947932.2854493095)
송파구,37.53027,127.11035,POINT (965572.6464320768 1947955.8783466497)
송파구,37.530305,127.110454,POINT (965581.8514257552 1947959.7233187666)
송파구,37.5344886779785,127.121719360352,POINT (966579.0676413 1948419.813866798)
송파구,37.5007362365723,127.102096557617,POINT (964829.5567000526 1944682.3485015524)
송파구,37.5014801025391,127.101768493652,POINT (964800.9084035666 1944764.9981405665)
송파구,37.5018864735455,127.10282151296,POINT (964894.1738716336 1944809.6889940645)
송파구,37.5021705627441,127.102516174316,POINT (964867.3185906936 1944841.3207503674)
송파구,37.5027885437012,127.101844787598,POINT (964808.2660710101 1944910.1324969884)
송파구,37.503059387207,127.101921081543,POINT (964815.1365913679 1944940.152268945)
송파구,37.5033149719238,127.102752685547,POINT (964888.7592851049 1944968.1971199433)
송파구,37.477352142334,127.139122009277,POINT (968092.280794155 1942074.8541598697)
송파구,37.5075721740723,127.119125366211,POINT (966337.7980619464 1945434.5229589303)
송파구,37.5076332092285,127.118133544922,POINT (966250.1667299798 1945441.6496702002)
송파구,37.5077743530273,127.117752075195,POINT (966216.5154380025 1945457.4455328786)
송파구,37.5077781677246,127.117813110352,POINT (966221.9115308978 1945457.8468376407)
송파구,37.5082778930664,127.118263244629,POINT (966261.9199456227 1945513.1265997675)
송파구,37.5083045959473,127.118194580078,POINT (966255.8633360397 1945516.1137303128)
송파구,37.5084991455078,127.117515563965,POINT (966195.9390828344 1945537.941442166)
송파구,37.5085067749023,127.117576599121,POINT (966201.3368445858 1945538.7659489329)
송파구,37.5139541717056,127.101305286839,POINT (964765.8295859252 1946149.0882375147)
송파구,37.535213470459,127.11434173584,POINT (965927.5848980711 1948502.8726288304)
송파구,37.5352478027344,127.11498260498,POINT (965984.2206844138 1948506.4495853402)
송파구,37.5355529785156,127.113166809082,POINT (965823.9361476363 1948540.9653384085)
송파구,37.5357093811035,127.11450958252,POINT (965942.639524868 1948557.8301214415)
송파구,37.535717010498,127.115081787109,POINT (965993.1963973074 1948558.4694829073)
송파구,37.5357246398926,127.113464355469,POINT (965850.302255539 1948559.902041109)
송파구,37.5357284545898,127.11393737793,POINT (965892.094803106 1948560.1535911653)
송파구,37.5357491804432,127.116864967261,POINT (966150.7521793268 1948561.3952059792)
송파구,37.5358450765524,127.117155333135,POINT (966176.4488610377 1948571.9298243665)
송파구,37.5359611071367,127.11663950928,POINT (966130.9291680009 1948584.988369389)
송파구,37.5360488891602,127.114196777344,POINT (965915.1581886564 1948595.6098242358)
송파구,37.5360679626465,127.113708496094,POINT (965872.0281673163 1948597.903002964)
송파구,37.536342036383,127.117595674181,POINT (966215.5764510063 1948626.9062313363)
송파구,37.5363998413086,127.114074707031,POINT (965904.53329805 1948634.5901036146)
송파구,37.5364490093938,127.117014711355,POINT (966164.2980374346 1948638.983116901)
송파구,37.488447208863,127.145840015744,POINT (968690.8983094617 1943303.5175557244)
송파구,37.4943771362305,127.142204284668,POINT (968371.9851594804 1943962.6171188748)
송파구,37.4945182800292,127.152275085449,POINT (969262.2729914369 1943974.9398121526)
송파구,37.4949111938477,127.152694702148,POINT (969299.5266694715 1944018.393936787)
송파구,37.4949967796725,127.15190154643,POINT (969229.4495959791 1944028.1480803252)
송파구,37.4952583312988,127.144836425781,POINT (968605.0278055908 1944059.4984692626)
송파구,37.4953301380513,127.143345543897,POINT (968473.2698332677 1944067.9632430323)
송파구,37.4957536232893,127.141715297259,POINT (968329.3413403633 1944115.4932984607)
송파구,37.4958152770996,127.152565002441,POINT (969288.4318951622 1944118.7380351403)
송파구,37.4960356445687,127.14378066361,POINT (968512.0289012037 1944146.0886891794)
송파구,37.4967340753021,127.142784386873,POINT (968424.2568934301 1944223.9085384815)
송파구,37.497013092041,127.140335083008,POINT (968207.8704911727 1944255.6880193814)
송파구,37.4971313476562,127.148941040039,POINT (968968.6347294432 1944265.9356066037)
송파구,37.4978746565017,127.14128312639,POINT (968292.0361725593 1944350.9529062533)
송파구,37.4984664916992,127.140869140625,POINT (968255.6932490256 1944416.752528845)
송파구,37.4990938257619,127.113520100918,POINT (965838.5325700773 1944495.9263749102)
송파구,37.4992332458496,127.119903564453,POINT (966402.8399701599 1944509.096279085)
송파구,37.4994198442648,127.146546607813,POINT (968757.9349909294 1944520.6207648893)
송파구,37.4999008178711,127.14631652832,POINT (968737.7985115375 1944574.0579087273)
송파구,37.4999493656386,127.10020318043,POINT (964661.8306997983 1944595.7596315374)
송파구,37.5004844665527,127.113525390625,POINT (965839.6336644555 1944650.2067305197)
송파구,37.5005645751953,127.151161193848,POINT (969166.2944664459 1944646.0990670726)
송파구,37.5007286071777,127.115837097168,POINT (966044.0760236378 1944676.455948261)
송파구,37.500919342041,127.151649475098,POINT (969209.5992452947 1944685.2981774863)
송파구,37.5012397766113,127.091552734375,POINT (963897.8329462053 1944742.2053358785)
송파구,37.5013160705566,127.152633666992,POINT (969296.7538433453 1944728.9909769408)
송파구,37.47825,127.1458,POINT (968683.10481859 1942172.2231050136)
송파구,37.5020484924316,127.117111206055,POINT (966157.2899049612 1944822.4294701945)
송파구,37.5021133422852,127.092109680176,POINT (963947.4809777208 1944838.9081901251)
송파구,37.502419314955,127.133684922946,POINT (967622.370262552 1944857.7388444615)
송파구,37.5025825500488,127.104049682617,POINT (965003.0547292149 1944886.4566491675)
송파구,37.5025978088379,127.092308044434,POINT (963965.246868432 1944892.5805955299)
송파구,37.5029907295877,127.100223106033,POINT (964665.0252261003 1944933.1713332522)
송파구,37.5033149719238,127.101516723633,POINT (964779.5166614561 1944968.6589609145)
송파구,37.5036354064941,127.103538513184,POINT (964958.3657768393 1945003.4543276255)
송파구,37.5041700975723,127.103014929184,POINT (964912.3383375558 1945062.9698661081)
송파구,37.5042734031927,127.103079436311,POINT (964918.0881854562 1945074.4068954044)
송파구,37.5043244707998,127.102915821561,POINT (964903.6509049122 1945080.1335160895)
송파구,37.5043487548828,127.140396118164,POINT (968216.3752140907 1945069.509506261)
송파구,37.5046498980393,127.094357957937,POINT (964147.415105099 1945119.4634936117)
송파구,37.5048861512192,127.120358197065,POINT (966445.555491836 1945136.0861618875)
송파구,37.5055249026041,127.132663404443,POINT (967533.425461502 1945202.6349526667)
송파구,37.5059514076583,127.101371050615,POINT (964767.8800822825 1945261.2087145555)
송파구,37.5067028410797,127.095506705375,POINT (964249.9263314642 1945346.7870926748)
송파구,37.506763458252,127.111190795898,POINT (965636.1567890769 1945347.6692054544)
송파구,37.5071334838867,127.09268951416,POINT (964001.1420168837 1945395.6381115804)
송파구,37.5074981822748,127.10312375342,POINT (964923.5140303499 1945432.1584864957)
송파구,37.509204864502,127.132591247559,POINT (967528.6419783613 1945610.927247697)
송파구,37.5092740227482,127.120347817623,POINT (966446.6021097408 1945622.895299486)
송파구,37.5100517272949,127.12092590332,POINT (966498.0407091473 1945708.970552586)
송파구,37.5120277404785,127.133834838867,POINT (967639.7689245299 1945923.6783848654)
송파구,37.5127792358398,127.119735717773,POINT (966394.0765385953 1946011.9943048195)
송파구,37.4782905578613,127.144073486328,POINT (968530.4701335543 1942177.298309769)
송파구,37.5139500395522,127.120563324109,POINT (966467.7405023613 1946141.5921257308)
송파구,37.5192309796892,127.13327613332,POINT (967593.5075281187 1946723.0234636292)
송파구,37.5265121459961,127.116004943848,POINT (966070.586379372 1947536.9126997546)
송파구,37.5280227661133,127.117652893066,POINT (966216.8793303528 1947703.9134609401)
송파구,37.5299983431657,127.110358475057,POINT (965573.2703865432 1947925.736581862)
송파구,37.531307220459,127.114646911621,POINT (965952.7711443406 1948069.38741003)
송파구,37.5320701599121,127.116157531738,POINT (966086.58543823 1948153.4850869197)
송파구,37.5321044921875,127.115142822266,POINT (965996.9486273285 1948157.6604271815)
송파구,37.5324935913086,127.114303588867,POINT (965922.9770946846 1948201.132358148)
송파구,37.5342483520508,127.117141723633,POINT (966174.5252961986 1948394.787801546)
송파구,37.534774125643,127.117024560183,POINT (966164.4114262954 1948453.1613414602)
송파구,37.5351311157151,127.120569287594,POINT (966477.7463887548 1948491.497767328)
송파구,37.478458404541,127.139144897461,POINT (968094.7748330879 1942197.578234589)
송파구,37.5356712341309,127.116455078125,POINT (966114.5038474331 1948552.8951492757)
송파구,37.5357704162598,127.115478515625,POINT (966028.2709829262 1948564.251139276)
송파구,37.495457,127.101379,POINT (964763.6514174348 1944096.9209209182)
송파구,37.503273,127.077736,POINT (962677.5946796198 1944973.1679555087)
송파구,37.52394,127.1066,POINT (965238.3782441441 1947254.983156632)
송파구,37.524788,127.102905,POINT (964912.2763547894 1947350.4353836693)
송파구,37.4784698486328,127.142044067383,POINT (968351.1124239644 1942197.8694972526)
송파구,37.501880645752,127.104400634766,POINT (965033.7472087503 1944808.4545673325)
송파구,37.5135726928711,127.121810913086,POINT (966577.8268205879 1946099.2840471573)
송파구,37.4993958016902,127.152747954002,POINT (969306.0695187233 1944515.912961645)
송파구,37.5074768066406,127.119506835938,POINT (966371.4702072594 1945423.8061765311)
송파구,37.5039596557617,127.101547241211,POINT (964782.5168358502 1945040.1709645155)
송파구,37.5355042705275,127.117548078298,POINT (966210.993465397 1948533.978268696)
송파구,37.5074691772461,127.119552612305,POINT (966375.5125814647 1945422.9433874262)
